"","doc_id","sdg01","sdg02","sdg03","sdg04","sdg05","sdg06","sdg07","sdg08","sdg09","sdg10","sdg11","sdg12","sdg13","sdg14","sdg15","sdg16","sgd17","sdg","gc","gri","int","company","country","year","ctrygrp"
"1","BE0003739530_2016_SR_0.pdf",1,0,7,0,0,0,3,2,0,1,0,0,3,0,0,3,4,12,1,13,0,"BE0003739530","BE",2016,"EUR"
"2","BE0003739530_2020_IR_0.pdf",2,0,7,0,0,0,1,0,0,1,0,0,2,0,1,6,5,22,0,40,0,"BE0003739530","BE",2020,"EUR"
"3","BE0974293251_2016_SR_0.pdf",2,3,0,0,0,5,1,3,0,0,0,0,2,0,3,3,5,8,0,3,0,"BE0974293251","BE",2016,"EUR"
"4","BE0974293251_2020_IR_0.pdf",1,0,16,0,2,11,10,4,0,2,0,0,10,0,8,0,8,10,0,2,0,"BE0974293251","BE",2020,"EUR"
"5","CH0008742519_2016_SR_0.pdf",0,0,2,1,0,0,53,0,0,0,0,0,5,0,8,3,5,3,0,39,0,"CH0008742519","CH",2016,"EUR"
"6","CH0008742519_2020_SR_0.pdf",1,0,0,0,2,0,37,0,0,11,0,1,5,0,9,3,10,13,0,47,0,"CH0008742519","CH",2020,"EUR"
"7","CH0012032048_2016_IR_0.pdf",0,0,0,0,0,0,0,0,0,0,0,0,0,0,0,6,0,0,1,0,0,"CH0012032048","CH",2016,"EUR"
"8","CH0012032048_2020_IR_0.pdf",0,0,8,1,1,1,9,0,0,1,0,0,4,0,1,2,4,15,1,10,0,"CH0012032048","CH",2020,"EUR"
"9","CH0012138530_2016_SR_0.pdf",1,1,0,3,2,0,21,12,1,3,1,0,21,0,33,6,20,12,0,71,0,"CH0012138530","CH",2016,"EUR"
"10","CH0012138530_2020_SR_0.pdf",0,1,0,6,4,0,31,11,2,2,1,1,53,1,37,15,22,33,0,11,0,"CH0012138530","CH",2020,"EUR"
"11","CH0012214059_2016_SR_0.pdf",1,0,4,2,1,13,7,3,3,2,0,1,12,0,48,4,30,5,6,210,0,"CH0012214059","CH",2016,"EUR"
"12","CH0012214059_2020_IR_0.pdf",0,0,0,1,1,0,9,1,3,1,0,0,9,0,16,1,3,0,0,66,0,"CH0012214059","CH",2020,"EUR"
"13","CH0012280076_2016_IR_0.pdf",1,0,3,0,0,0,1,0,0,2,0,0,1,0,0,7,3,0,1,13,0,"CH0012280076","CH",2016,"EUR"
"14","CH0012280076_2020_IR_0.pdf",0,0,2,0,0,0,1,1,0,1,0,0,4,0,4,4,6,0,1,70,0,"CH0012280076","CH",2020,"EUR"
"15","CH0012549785_2016_SR_0.pdf",0,0,0,0,0,0,4,1,0,4,0,0,3,0,0,1,5,0,2,10,0,"CH0012549785","CH",2016,"EUR"
"16","CH0012549785_2020_IR_0.pdf",1,0,5,5,3,0,17,6,4,7,0,0,13,0,5,16,34,67,5,102,0,"CH0012549785","CH",2020,"EUR"
"17","CH0030170408_2016_IR_0.pdf",0,0,2,1,0,34,22,6,1,5,1,0,8,0,7,2,22,11,3,45,0,"CH0030170408","CH",2016,"EUR"
"18","CH0030170408_2020_IR_0.pdf",0,0,1,1,0,35,23,11,0,5,3,0,22,0,4,2,17,11,5,255,0,"CH0030170408","CH",2020,"EUR"
"19","CH0102484968_2016_SR_0.pdf",3,0,4,1,0,2,4,0,0,4,0,1,4,0,2,5,8,3,0,24,0,"CH0102484968","CH",2016,"EUR"
"20","CH0102484968_2020_SR_0.pdf",1,2,9,0,0,2,11,5,0,3,1,0,16,0,4,7,9,23,0,22,0,"CH0102484968","CH",2020,"EUR"
"21","CH0210483332_2016_SR_0.pdf",0,0,4,1,0,3,4,1,0,3,0,0,28,0,10,4,6,0,1,14,0,"CH0210483332","CH",2016,"EUR"
"22","CH0210483332_2020_SR_0.pdf",5,1,7,6,8,2,24,11,0,8,0,2,23,0,27,10,21,51,24,70,1,"CH0210483332","CH",2020,"EUR"
"23","CH0432492467_2020_SR_0.pdf",1,1,3,0,0,1,14,0,0,5,0,0,4,0,0,4,0,0,0,48,0,"CH0432492467","CH",2020,"EUR"
"24","DE0005190003_2016_SR_0.pdf",1,0,0,0,0,1,72,0,2,8,2,4,13,0,1,1,10,15,24,352,0,"DE0005190003","DE",2016,"EUR"
"25","DE0005190003_2020_IR_0.pdf",0,0,1,1,0,2,28,4,0,2,0,2,28,0,1,4,8,5,42,229,3,"DE0005190003","DE",2020,"EUR"
"26","DE0005439004_2016_SR_0.pdf",0,0,0,1,1,1,2,0,0,10,0,0,3,0,10,0,6,2,2,210,0,"DE0005439004","DE",2016,"EUR"
"27","DE0005439004_2020_IR_0.pdf",0,0,0,1,0,2,8,0,0,3,0,0,2,0,2,5,11,8,0,23,0,"DE0005439004","DE",2020,"EUR"
"28","DE0005552004_2016_SR_0.pdf",0,0,23,1,0,1,15,3,0,4,9,0,5,0,9,1,5,4,9,8,0,"DE0005552004","DE",2016,"EUR"
"29","DE0005552004_2020_SR_0.pdf",0,0,0,0,0,0,0,2,0,0,0,0,0,0,0,0,1,1,0,0,0,"DE0005552004","DE",2020,"EUR"
"30","DE0005557508_2016_GR_0.pdf",6,2,6,1,1,2,72,9,3,18,0,2,16,0,10,8,22,39,2,23,0,"DE0005557508","DE",2016,"EUR"
"31","DE0005557508_2016_SR_0.pdf",6,2,6,1,1,2,72,9,3,18,0,2,16,0,10,8,22,39,2,23,0,"DE0005557508","DE",2016,"EUR"
"32","DE0005557508_2020_GC_0.pdf",0,0,0,1,0,0,1,0,0,2,0,0,0,0,2,0,2,0,0,59,0,"DE0005557508","DE",2020,"EUR"
"33","DE0005557508_2020_SR_0.pdf",0,1,1,3,2,0,53,1,1,24,0,0,28,0,5,5,24,45,2,158,0,"DE0005557508","DE",2020,"EUR"
"34","DE0005810055_2016_IR_0.pdf",0,0,0,0,0,0,1,3,0,3,0,0,0,0,0,1,1,0,0,45,0,"DE0005810055","DE",2016,"EUR"
"35","DE0005810055_2020_GR_0.pdf",0,0,0,0,3,0,0,0,0,1,0,0,0,0,0,0,0,0,0,19,0,"DE0005810055","DE",2020,"EUR"
"36","DE0005810055_2020_IR_0.pdf",0,0,0,2,1,0,7,6,0,2,0,3,2,0,0,6,5,27,2,17,0,"DE0005810055","DE",2020,"EUR"
"37","DE0006047004_2016_SR_0.pdf",0,0,0,0,0,1,8,1,0,2,0,0,3,0,35,3,4,0,1,18,0,"DE0006047004","DE",2016,"EUR"
"38","DE0006047004_2020_SR_0.pdf",0,0,0,0,0,10,6,1,2,1,0,1,23,0,32,3,8,1,1,200,0,"DE0006047004","DE",2020,"EUR"
"39","DE0006231004_2016_IR_0.pdf",0,1,2,1,1,4,29,2,1,10,1,0,7,0,3,3,11,0,0,33,0,"DE0006231004","DE",2016,"EUR"
"40","DE0006231004_2016_SR_0.pdf",0,1,2,1,1,4,15,1,1,9,1,0,4,0,3,2,10,0,0,26,0,"DE0006231004","DE",2016,"EUR"
"41","DE0006231004_2020_IR_0.pdf",0,0,2,1,1,5,58,4,0,11,0,1,16,0,4,2,19,0,0,105,0,"DE0006231004","DE",2020,"EUR"
"42","DE0006231004_2020_SR_0.pdf",0,0,2,1,1,5,19,3,0,11,0,1,9,0,4,2,16,0,0,103,0,"DE0006231004","DE",2020,"EUR"
"43","DE0006599905_2016_SR_0.pdf",2,0,5,5,2,11,19,5,0,21,1,2,11,0,18,0,39,20,4,21,0,"DE0006599905","DE",2016,"EUR"
"44","DE0006599905_2020_SR_0.pdf",1,0,15,1,3,10,23,2,0,6,0,3,46,0,17,4,17,16,3,63,0,"DE0006599905","DE",2020,"EUR"
"45","DE0007100000_2016_SR_0.pdf",0,0,2,2,0,2,24,0,0,3,0,0,2,0,19,3,11,61,0,38,0,"DE0007100000","DE",2016,"EUR"
"46","DE0007100000_2020_CR_0.pdf",0,0,0,0,0,0,0,0,0,0,0,0,17,0,0,0,1,0,0,0,0,"DE0007100000","DE",2020,"EUR"
"47","DE0007100000_2020_GR_0.pdf",0,0,0,0,0,0,1,0,0,1,0,0,1,0,0,0,1,0,0,43,0,"DE0007100000","DE",2020,"EUR"
"48","DE0007100000_2020_SR_0.pdf",1,0,2,0,0,1,15,7,0,9,1,4,7,0,12,2,15,19,2,188,0,"DE0007100000","DE",2020,"EUR"
"49","DE0007164600_2016_IR_0.pdf",4,1,11,1,3,0,21,7,0,1,0,1,10,0,1,10,6,19,0,24,1,"DE0007164600","DE",2016,"EUR"
"50","DE0007164600_2020_IR_0.pdf",2,1,17,3,0,0,36,9,0,5,0,1,27,0,7,14,21,34,0,33,0,"DE0007164600","DE",2020,"EUR"
"51","DE0007165631_2016_IR_0.pdf",0,0,0,1,0,0,0,5,0,1,0,1,3,0,3,1,1,0,0,10,0,"DE0007165631","DE",2016,"EUR"
"52","DE0007165631_2020_IR_0.pdf",1,0,5,1,1,1,0,4,1,1,0,2,4,0,0,2,13,6,0,4,0,"DE0007165631","DE",2020,"EUR"
"53","DE0007664039_2016_SR_0.pdf",2,0,0,0,0,4,9,4,0,7,6,1,5,0,21,6,35,15,1,19,0,"DE0007664039","DE",2016,"EUR"
"54","DE0007664039_2020_SR_0.pdf",0,0,2,1,2,0,16,3,0,8,1,1,11,0,6,2,8,22,2,112,0,"DE0007664039","DE",2020,"EUR"
"55","DE0008404005_2016_SR_0.pdf",8,1,3,4,4,2,40,5,2,43,0,0,44,0,2,7,29,16,5,31,0,"DE0008404005","DE",2016,"EUR"
"56","DE0008404005_2020_GR_0.pdf",0,0,0,0,0,0,0,0,0,2,0,0,7,0,0,0,0,0,0,135,0,"DE0008404005","DE",2020,"EUR"
"57","DE0008404005_2020_SR_0.pdf",2,1,56,3,7,1,48,3,1,7,2,0,161,0,7,3,37,44,11,68,0,"DE0008404005","DE",2020,"EUR"
"58","DE000A0D9PT0_2016_SR_0.pdf",0,0,0,2,1,4,11,2,0,17,0,0,10,0,1,1,1,0,0,78,0,"DE000A0D9PT0","DE",2016,"EUR"
"59","DE000A0D9PT0_2020_SR_0.pdf",0,0,0,6,6,2,14,12,2,2,1,8,52,0,0,11,24,107,18,53,0,"DE000A0D9PT0","DE",2020,"EUR"
"60","DE000A1EWWW0_2016_ER_0.pdf",0,0,0,0,0,0,7,0,0,0,0,0,0,0,0,2,0,0,0,0,0,"DE000A1EWWW0","DE",2016,"EUR"
"61","DE000A1EWWW0_2016_SR_0.pdf",0,0,5,0,0,3,6,2,1,0,0,1,6,0,0,2,0,0,0,0,0,"DE000A1EWWW0","DE",2016,"EUR"
"62","DE000A1EWWW0_2020_ER_0.pdf",0,0,1,0,0,0,16,0,0,0,0,0,1,0,1,2,0,0,0,0,0,"DE000A1EWWW0","DE",2020,"EUR"
"63","DE000A1EWWW0_2020_IR_0.pdf",0,0,5,0,2,0,15,2,2,2,0,2,10,0,1,4,6,3,0,5,0,"DE000A1EWWW0","DE",2020,"EUR"
"64","DE000A1ML7J1_2016_SR_0.pdf",0,0,1,0,0,2,10,0,0,7,0,0,8,0,3,0,0,0,0,270,0,"DE000A1ML7J1","DE",2016,"EUR"
"65","DE000A1ML7J1_2020_SR_0.pdf",0,0,2,0,2,1,51,1,0,14,1,0,40,0,17,1,20,12,12,72,0,"DE000A1ML7J1","DE",2020,"EUR"
"66","DE000BAY0017_2016_IR_0.pdf",0,12,5,1,0,6,18,2,0,2,0,1,3,0,11,1,15,2,20,94,0,"DE000BAY0017","DE",2016,"EUR"
"67","DE000BAY0017_2020_SR_0.pdf",5,23,2,0,3,8,13,3,0,2,0,1,37,0,49,0,19,8,11,257,0,"DE000BAY0017","DE",2020,"EUR"
"68","DE000SYM9999_2016_IR_0.pdf",3,7,8,0,0,2,0,5,1,2,0,3,1,0,48,6,5,0,0,2,0,"DE000SYM9999","DE",2016,"EUR"
"69","DE000SYM9999_2020_GR_0.pdf",2,4,7,3,1,0,17,3,1,12,0,3,22,0,63,8,17,23,10,329,0,"DE000SYM9999","DE",2020,"EUR"
"70","DE000SYM9999_2020_IR_0.pdf",1,0,10,0,0,0,2,4,2,3,0,6,18,0,22,2,16,15,0,5,0,"DE000SYM9999","DE",2020,"EUR"
"71","DK0010268606_2016_SR_0.pdf",1,0,1,1,0,0,21,3,0,1,0,1,9,0,2,6,3,13,36,12,0,"DK0010268606","DK",2016,"EUR"
"72","DK0010268606_2020_SR_0.pdf",0,0,1,4,4,0,13,12,0,4,0,9,15,0,11,5,30,0,0,26,0,"DK0010268606","DK",2020,"EUR"
"73","DK0010274414_2016_CR_0.pdf",0,0,0,0,0,0,6,0,0,0,0,0,0,0,0,0,0,0,0,0,0,"DK0010274414","DK",2016,"EUR"
"74","DK0010274414_2016_GC_0.pdf",0,0,2,4,1,0,2,14,0,1,0,0,5,0,0,2,8,2,0,0,0,"DK0010274414","DK",2016,"EUR"
"75","DK0010274414_2016_SR_0.pdf",0,0,0,0,0,0,0,0,0,0,0,0,3,0,0,0,0,0,0,0,0,"DK0010274414","DK",2016,"EUR"
"76","DK0010274414_2020_SR_0.pdf",0,0,23,1,1,0,8,5,0,6,0,0,27,0,5,7,6,40,0,0,0,"DK0010274414","DK",2020,"EUR"
"77","DK0060336014_2016_IR_0.pdf",3,2,2,0,0,6,26,1,1,6,0,0,20,0,2,13,10,14,2,9,0,"DK0060336014","DK",2016,"EUR"
"78","DK0060336014_2020_IR_0.pdf",0,3,1,0,2,6,18,1,0,7,0,0,25,0,9,4,4,27,7,1,0,"DK0060336014","DK",2020,"EUR"
"79","ES0105046009_2016_IR_0.pdf",4,8,3,2,3,2,28,6,2,4,0,1,16,0,10,21,16,6,2,24,10,"ES0105046009","ES",2016,"EUR"
"80","ES0105046009_2020_IR_0.pdf",2,3,18,1,8,5,43,11,0,10,4,2,74,0,13,18,27,78,0,206,0,"ES0105046009","ES",2020,"EUR"
"81","ES0109067019_2016_IR_0.pdf",2,2,0,4,0,0,9,6,0,2,0,1,23,0,0,1,4,3,1,109,3,"ES0109067019","ES",2016,"EUR"
"82","ES0109067019_2020_IR_0.pdf",1,0,8,0,1,2,23,10,0,8,1,0,51,0,3,7,14,23,0,314,0,"ES0109067019","ES",2020,"EUR"
"83","ES0109067019_2020_SR_0.pdf",0,0,4,0,1,2,26,3,0,5,0,0,38,0,6,1,4,8,0,9,0,"ES0109067019","ES",2020,"EUR"
"84","ES0148396007_2016_IR_0.pdf",6,3,39,7,12,15,23,17,3,17,2,14,12,0,29,19,37,34,0,233,1,"ES0148396007","ES",2016,"EUR"
"85","ES0148396007_2020_IR_0.pdf",12,6,85,9,36,44,29,17,1,10,4,16,76,0,64,15,45,84,3,237,3,"ES0148396007","ES",2020,"EUR"
"86","ES0178430E18_2016_IR_0.pdf",2,1,6,1,4,3,61,8,14,5,2,1,42,0,15,7,20,3,0,15,1,"ES0178430E18","ES",2016,"EUR"
"87","ES0178430E18_2020_IR_0.pdf",5,1,36,0,21,3,65,7,6,11,1,1,114,0,28,9,26,64,2,139,2,"ES0178430E18","ES",2020,"EUR"
"88","ES0178430E18_2020_SD_0.pdf",2,0,1,0,4,0,9,5,1,7,0,1,17,0,7,3,24,45,0,0,0,"ES0178430E18","ES",2020,"EUR"
"89","FI4000297767_2016_SR_1.pdf",1,0,0,1,0,0,0,0,0,4,0,0,24,0,0,2,7,9,39,14,0,"FI4000297767","FI",2016,"EUR"
"90","FI4000297767_2016_SR_2.pdf",1,0,1,0,1,0,4,1,0,0,0,0,19,0,2,2,7,0,1,0,0,"FI4000297767","FI",2016,"EUR"
"91","FI4000297767_2020_SR_1.pdf",2,1,0,1,3,0,7,4,0,6,0,0,50,0,3,10,11,25,13,75,0,"FI4000297767","FI",2020,"EUR"
"92","FI4000297767_2020_SR_2.pdf",1,0,0,0,0,0,2,1,0,0,0,0,35,0,6,1,5,23,1,0,0,"FI4000297767","FI",2020,"EUR"
"93","FR0000052292_2016_SR_0.pdf",1,0,5,0,2,5,14,0,0,0,0,0,1,0,0,5,10,12,7,0,0,"FR0000052292","FR",2016,"EUR"
"94","FR0000052292_2020_IR_0.pdf",2,0,0,1,0,0,10,2,0,0,0,0,0,0,0,2,8,4,3,0,0,"FR0000052292","FR",2020,"EUR"
"95","FR0000073272_2016_IR_0.pdf",0,0,4,0,0,0,5,0,1,9,0,0,12,0,6,2,21,0,2,0,0,"FR0000073272","FR",2016,"EUR"
"96","FR0000073272_2020_IR_0.pdf",0,0,0,0,1,0,0,1,2,2,0,0,10,0,0,0,0,1,0,0,0,"FR0000073272","FR",2020,"EUR"
"97","FR0000073272_2020_IR_2.pdf",0,0,2,0,15,2,3,1,2,8,0,0,65,0,4,3,14,2,2,1,0,"FR0000073272","FR",2020,"EUR"
"98","FR0000120073_2016_IR_0.pdf",1,0,9,0,5,1,37,0,0,2,1,0,11,0,10,2,118,2,0,3,0,"FR0000120073","FR",2016,"EUR"
"99","FR0000120073_2020_IR_0.pdf",2,1,23,0,21,4,40,3,0,3,1,1,22,0,51,6,80,13,1,2,0,"FR0000120073","FR",2020,"EUR"
"100","FR0000120172_2016_IR_0.pdf",0,5,7,0,15,0,5,1,0,14,0,4,15,0,32,2,10,0,3,6,0,"FR0000120172","FR",2016,"EUR"
"101","FR0000120172_2016_SR_0.pdf",1,0,0,0,2,0,0,0,0,4,0,1,0,0,9,0,0,0,0,0,0,"FR0000120172","FR",2016,"EUR"
"102","FR0000120172_2020_IR_0.pdf",1,1,2,0,3,0,1,0,0,2,0,0,1,0,5,1,2,0,0,0,0,"FR0000120172","FR",2020,"EUR"
"103","FR0000120321_2016_GC_0.pdf",0,0,1,0,20,1,0,2,0,2,0,0,2,0,5,5,10,0,112,0,0,"FR0000120321","FR",2016,"EUR"
"104","FR0000120321_2016_IR_0.pdf",0,0,7,0,16,2,12,4,4,7,0,10,20,0,19,2,49,0,1,11,0,"FR0000120321","FR",2016,"EUR"
"105","FR0000120321_2016_SR_2.pdf",1,0,0,0,0,1,7,0,3,4,0,5,1,0,16,0,19,1,0,0,0,"FR0000120321","FR",2016,"EUR"
"106","FR0000120321_2020_CR_0.pdf",0,0,0,0,0,0,0,0,0,0,0,0,1,0,2,0,0,0,0,0,0,"FR0000120321","FR",2020,"EUR"
"107","FR0000120321_2020_GC_0.pdf",0,1,1,0,15,0,2,1,0,2,0,1,2,0,0,4,12,12,47,0,0,"FR0000120321","FR",2020,"EUR"
"108","FR0000120321_2020_IR_0.pdf",3,0,11,0,21,5,30,4,4,8,2,6,68,0,73,5,78,32,1,6,0,"FR0000120321","FR",2020,"EUR"
"109","FR0000120503_2020_IR_0.pdf",0,0,7,0,0,1,15,0,0,0,0,0,11,0,24,0,4,3,0,0,0,"FR0000120503","FR",2020,"EUR"
"110","FR0000120503_2020_SR_0.pdf",0,0,0,0,0,0,1,0,0,0,0,0,0,0,0,0,0,0,0,0,0,"FR0000120503","FR",2020,"EUR"
"111","FR0000120644_2016_IR_0.pdf",2,11,16,0,3,5,4,1,0,1,0,0,20,0,23,5,18,0,0,1,0,"FR0000120644","FR",2016,"EUR"
"112","FR0000120644_2020_IR_0.pdf",4,5,7,0,11,25,7,25,0,5,0,0,83,0,33,3,16,6,0,2,0,"FR0000120644","FR",2020,"EUR"
"113","FR0000120693_2016_IR_0.pdf",1,11,0,0,1,1,11,0,0,3,0,1,9,0,25,3,14,4,0,1,0,"FR0000120693","FR",2016,"EUR"
"114","FR0000120693_2020_IR_0.pdf",0,2,2,0,1,0,0,1,0,2,0,4,6,0,14,0,0,10,0,0,0,"FR0000120693","FR",2020,"EUR"
"115","FR0000120693_2020_IR_2.pdf",0,9,4,0,1,3,12,3,0,0,0,6,38,0,44,4,6,22,1,0,0,"FR0000120693","FR",2020,"EUR"
"116","FR0000121261_2016_IR_0.pdf",0,1,7,0,1,2,0,2,0,1,1,1,4,0,2,2,10,0,0,0,0,"FR0000121261","FR",2016,"EUR"
"117","FR0000121261_2020_IR_0.pdf",1,0,13,0,4,0,42,6,0,8,0,1,43,0,52,1,149,17,8,142,0,"FR0000121261","FR",2020,"EUR"
"118","FR0000121485_2016_ER_0.pdf",0,0,0,0,0,0,0,0,0,0,0,0,0,0,0,0,0,0,0,0,0,"FR0000121485","FR",2016,"EUR"
"119","FR0000121485_2016_SR_0.pdf",0,0,0,0,0,0,0,0,0,0,0,0,0,0,0,0,0,0,0,0,0,"FR0000121485","FR",2016,"EUR"
"120","FR0000121485_2020_ER_0.pdf",0,0,0,0,0,0,1,0,0,0,0,0,0,0,0,0,0,0,0,0,0,"FR0000121485","FR",2020,"EUR"
"121","FR0000121485_2020_IR_0.pdf",1,0,3,0,4,2,1,2,6,0,0,0,11,0,38,3,5,34,2,0,2,"FR0000121485","FR",2020,"EUR"
"122","FR0000125338_2016_ER_0.pdf",0,0,0,0,0,0,11,0,0,0,0,1,19,0,3,2,1,0,1,0,0,"FR0000125338","FR",2016,"EUR"
"123","FR0000125338_2020_IR_0.pdf",0,0,2,0,1,0,2,2,1,1,0,0,8,0,7,1,3,1,0,0,0,"FR0000125338","FR",2020,"EUR"
"124","FR0000125486_2016_IR_0.pdf",2,0,1,0,5,5,20,1,0,1,2,0,11,0,73,2,31,0,0,4,0,"FR0000125486","FR",2016,"EUR"
"125","FR0000125486_2020_IR_0.pdf",1,0,4,0,12,9,31,3,0,2,2,0,65,0,110,6,27,0,1,85,0,"FR0000125486","FR",2020,"EUR"
"126","FR0000127771_2016_IR_0.pdf",0,1,0,0,13,0,6,2,0,10,0,0,4,0,2,3,14,0,75,84,1,"FR0000127771","FR",2016,"EUR"
"127","FR0000127771_2020_IR_0.pdf",0,0,18,1,13,1,11,0,0,9,0,1,41,0,8,17,11,10,0,5,0,"FR0000127771","FR",2020,"EUR"
"128","FR0000130650_2016_IR_0.pdf",0,0,1,0,10,0,1,0,0,2,0,0,2,0,5,0,3,0,0,9,0,"FR0000130650","FR",2016,"EUR"
"129","FR0000130650_2020_IR_0.pdf",0,0,0,0,1,0,0,0,0,1,0,0,12,0,3,0,7,13,0,0,0,"FR0000130650","FR",2020,"EUR"
"130","FR0000130809_2016_IR_0.pdf",0,0,4,0,4,0,28,5,0,9,0,0,22,0,10,8,28,0,0,0,0,"FR0000130809","FR",2016,"EUR"
"131","FR0000130809_2016_SR_0.pdf",0,0,1,0,3,0,26,0,0,11,0,0,17,0,10,0,22,0,0,0,0,"FR0000130809","FR",2016,"EUR"
"132","FR0000130809_2020_IR_0.pdf",1,0,1,0,6,0,10,3,0,2,1,0,9,0,2,8,10,4,0,0,1,"FR0000130809","FR",2020,"EUR"
"133","FR0000133308_2016_IR_0.pdf",0,0,0,0,2,0,1,1,0,2,0,0,2,0,7,0,2,1,0,0,0,"FR0000133308","FR",2016,"EUR"
"134","FR0000133308_2020_IR_0.pdf",0,1,4,0,30,0,18,0,1,9,1,0,21,0,12,8,9,18,0,5,0,"FR0000133308","FR",2020,"EUR"
"135","FR0010220475_2016_SR_0.pdf",0,0,0,0,0,0,5,0,0,0,0,0,0,0,0,0,1,0,0,0,0,"FR0010220475","FR",2016,"EUR"
"136","FR0010220475_2020_IR_0.pdf",5,0,19,0,2,1,27,11,0,3,10,0,45,0,6,4,153,10,8,6,0,"FR0010220475","FR",2020,"EUR"
"137","FR0010307819_2016_IR_0.pdf",13,5,9,3,9,3,41,5,1,8,1,5,17,0,16,11,28,2,1,7,1,"FR0010307819","FR",2016,"EUR"
"138","FR0010307819_2020_IR_0.pdf",2,0,25,0,12,1,40,0,0,13,1,3,34,0,13,7,24,14,1,8,0,"FR0010307819","FR",2020,"EUR"
"139","IT0000062072_2016_SR_0.pdf",1,0,8,2,0,0,7,1,0,10,1,0,15,0,0,0,3,0,0,5,0,"IT0000062072","IT",2016,"EUR"
"140","IT0000062072_2020_IR_0.pdf",2,0,4,0,0,0,10,0,0,7,1,1,59,0,17,1,12,3,0,85,6,"IT0000062072","IT",2020,"EUR"
"141","IT0000072618_2016_IR_0.pdf",1,0,0,0,0,0,2,10,0,1,0,0,2,0,0,5,3,0,0,15,4,"IT0000072618","IT",2016,"EUR"
"142","IT0000072618_2020_IR_0.pdf",0,0,0,0,1,0,0,0,0,0,0,0,6,0,0,2,2,17,0,71,8,"IT0000072618","IT",2020,"EUR"
"143","IT0005239360_2016_IR_0.pdf",2,0,17,0,2,0,20,5,0,6,0,0,7,0,4,7,9,0,1,16,3,"IT0005239360","IT",2016,"EUR"
"144","IT0005239360_2020_IR_0.pdf",2,0,11,0,1,0,17,5,2,9,0,1,13,0,2,4,8,5,1,51,3,"IT0005239360","IT",2020,"EUR"
"145","JE00BYSS4X48_2020_SR_0.pdf",0,0,0,0,0,0,0,0,0,0,0,0,0,0,0,1,0,0,0,0,0,"JE00BYSS4X48","JE",2020,"USA"
"146","JP3116000005_2016_SR_0.pdf",0,0,0,0,0,0,0,1,0,0,0,0,6,0,5,1,1,1,0,1,0,"JP3116000005","JP",2016,"JKT"
"147","JP3116000005_2020_SR_0.pdf",0,0,3,0,0,1,23,1,0,1,0,0,30,0,0,1,2,10,0,0,0,"JP3116000005","JP",2020,"JKT"
"148","JP3119600009_2016_IR_0.pdf",0,0,1,0,0,1,2,1,0,0,0,1,2,0,3,1,2,0,0,0,0,"JP3119600009","JP",2016,"JKT"
"149","JP3119600009_2016_SR_0.pdf",2,17,6,0,2,4,11,6,0,0,1,12,10,0,52,8,26,34,0,1,0,"JP3119600009","JP",2016,"JKT"
"150","JP3119600009_2020_IR_0.pdf",0,4,13,0,0,2,6,1,0,0,0,0,22,0,20,1,5,10,0,0,0,"JP3119600009","JP",2020,"JKT"
"151","JP3119600009_2020_SR_0.pdf",0,12,17,0,0,5,16,2,0,0,0,4,49,0,21,1,5,24,1,1,0,"JP3119600009","JP",2020,"JKT"
"152","JP3122400009_2016_SR_0.pdf",0,0,0,1,0,0,3,1,0,5,0,0,4,0,21,2,5,0,0,34,0,"JP3122400009","JP",2016,"JKT"
"153","JP3122400009_2020_IR_0.pdf",0,0,0,0,0,0,25,0,0,0,0,0,38,0,4,0,1,31,0,0,1,"JP3122400009","JP",2020,"JKT"
"154","JP3143600009_2016_SR_0.pdf",2,7,1,0,0,7,16,2,0,0,1,0,20,0,44,8,17,34,0,5,1,"JP3143600009","JP",2016,"JKT"
"155","JP3143600009_2020_SR_0.pdf",5,7,3,0,2,13,63,2,0,3,0,2,162,0,129,12,25,89,0,2,3,"JP3143600009","JP",2020,"JKT"
"156","JP3160400002_2016_ER_0.pdf",0,0,0,0,0,1,0,0,0,0,0,0,5,0,0,0,2,5,0,0,0,"JP3160400002","JP",2016,"JKT"
"157","JP3160400002_2016_IR_0.pdf",5,0,3,0,1,5,0,3,0,0,0,1,8,0,1,4,19,13,0,1,9,"JP3160400002","JP",2016,"JKT"
"158","JP3160400002_2020_SR_0.pdf",1,0,7,0,0,5,7,5,0,0,0,1,6,0,1,5,12,16,3,1,7,"JP3160400002","JP",2020,"JKT"
"159","JP3188220002_2016_SR_0.pdf",0,0,1,0,0,3,1,0,0,0,0,0,6,0,18,2,10,1,0,3,0,"JP3188220002","JP",2016,"JKT"
"160","JP3188220002_2020_SR_0.pdf",0,0,26,0,0,0,19,0,0,0,0,0,15,0,0,2,2,6,0,3,1,"JP3188220002","JP",2020,"JKT"
"161","JP3197600004_2020_IR_0.pdf",1,0,0,0,0,1,9,0,0,1,0,0,30,0,1,2,5,12,1,6,1,"JP3197600004","JP",2020,"JKT"
"162","JP3197800000_2016_IR_0.pdf",0,0,3,0,0,0,7,3,0,1,1,0,3,0,0,3,8,4,0,0,0,"JP3197800000","JP",2016,"JKT"
"163","JP3197800000_2020_IR_0.pdf",0,0,1,0,0,1,28,3,0,0,1,1,30,0,0,1,2,26,0,2,0,"JP3197800000","JP",2020,"JKT"
"164","JP3198900007_2016_SR_0.pdf",0,0,1,0,0,3,0,3,0,1,0,1,3,0,2,3,0,0,0,0,0,"JP3198900007","JP",2016,"JKT"
"165","JP3198900007_2017_SR_0.pdf",1,0,1,0,0,10,3,0,0,1,0,1,1,0,4,2,2,4,0,0,0,"JP3198900007","JP",2017,"JKT"
"166","JP3198900007_2018_SR_0.pdf",1,0,1,0,0,10,1,0,0,1,0,1,1,0,8,3,2,7,0,0,0,"JP3198900007","JP",2018,"JKT"
"167","JP3198900007_2019_SR_0.pdf",0,0,1,1,0,10,1,3,0,1,0,0,6,0,12,5,3,3,0,0,0,"JP3198900007","JP",2019,"JKT"
"168","JP3198900007_2020_SR_0.pdf",0,0,1,1,0,11,0,3,0,1,0,0,17,0,15,8,1,7,0,0,0,"JP3198900007","JP",2020,"JKT"
"169","JP3200450009_2016_SR_0.pdf",0,0,0,0,0,0,11,1,0,0,0,0,0,0,3,3,0,0,0,0,0,"JP3200450009","JP",2016,"JKT"
"170","JP3200450009_2020_SR_0.pdf",0,0,0,0,0,1,36,0,0,0,3,0,1,0,0,2,2,0,0,0,1,"JP3200450009","JP",2020,"JKT"
"171","JP3201200007_2016_SR_0.pdf",1,1,2,1,1,0,1,12,0,6,0,1,6,0,10,1,14,2,0,8,0,"JP3201200007","JP",2016,"JKT"
"172","JP3201200007_2020_IR_0.pdf",0,0,0,0,0,0,1,0,0,1,0,0,1,0,0,4,0,0,0,1,1,"JP3201200007","JP",2020,"JKT"
"173","JP3201200007_2020_SR_0.pdf",1,0,1,0,1,1,18,1,0,10,0,0,10,0,8,4,3,2,0,45,0,"JP3201200007","JP",2020,"JKT"
"174","JP3205800000_2016_SR_0.pdf",1,1,1,0,0,1,0,2,0,2,0,0,2,0,2,2,4,7,0,0,0,"JP3205800000","JP",2016,"JKT"
"175","JP3205800000_2020_SR_0.pdf",0,0,7,0,0,3,6,1,1,0,0,0,15,0,1,3,5,3,0,0,0,"JP3205800000","JP",2020,"JKT"
"176","JP3240400006_2016_SR_0.pdf",0,0,1,2,0,2,0,1,0,1,0,0,3,0,5,6,1,0,6,2,0,"JP3240400006","JP",2016,"JKT"
"177","JP3240400006_2020_SR_0.pdf",0,0,1,1,0,2,0,0,0,0,0,0,8,0,5,8,2,7,9,72,0,"JP3240400006","JP",2020,"JKT"
"178","JP3242800005_2016_SR_0.pdf",4,7,7,11,4,3,28,11,4,1,1,5,24,0,85,18,17,131,0,85,0,"JP3242800005","JP",2016,"JKT"
"179","JP3242800005_2020_SR_0.pdf",1,0,1,0,2,0,17,4,0,1,2,3,15,0,39,14,18,68,0,8,1,"JP3242800005","JP",2020,"JKT"
"180","JP3258000003_2016_SR_0.pdf",0,0,24,0,0,0,4,2,0,0,0,0,2,0,1,3,4,9,6,0,0,"JP3258000003","JP",2016,"JKT"
"181","JP3258000003_2020_SR_0.pdf",0,0,1,0,0,1,0,0,0,3,0,0,0,0,0,1,4,0,0,0,0,"JP3258000003","JP",2020,"JKT"
"182","JP3304200003_2016_SR_0.pdf",0,0,0,0,0,0,0,0,0,0,0,0,6,0,1,0,2,2,0,19,0,"JP3304200003","JP",2016,"JKT"
"183","JP3304200003_2020_SR_0.pdf",3,0,1,0,0,8,10,2,1,4,1,0,31,0,49,3,9,34,2,11,0,"JP3304200003","JP",2020,"JKT"
"184","JP3304200003_2020_SR_2.pdf",0,0,0,0,0,0,24,0,0,0,0,0,26,0,0,2,3,1,2,0,0,"JP3304200003","JP",2020,"JKT"
"185","JP3351600006_2016_SR_0.pdf",1,0,1,1,6,1,3,1,0,1,0,0,8,0,23,15,11,0,0,10,0,"JP3351600006","JP",2016,"JKT"
"186","JP3351600006_2020_SR_0.pdf",1,0,0,0,9,0,19,0,0,0,0,0,10,0,10,2,1,3,0,0,0,"JP3351600006","JP",2020,"JKT"
"187","JP3358000002_2016_SR_0.pdf",0,2,0,0,0,0,4,0,0,0,0,0,0,0,0,0,0,0,2,0,0,"JP3358000002","JP",2016,"JKT"
"188","JP3358000002_2020_SR_0.pdf",0,0,1,7,0,0,2,0,0,0,0,0,0,0,0,0,5,5,1,0,0,"JP3358000002","JP",2020,"JKT"
"189","JP3371200001_2016_SR_0.pdf",0,0,0,1,0,2,3,1,0,2,0,0,16,0,21,2,8,8,1,4,0,"JP3371200001","JP",2016,"JKT"
"190","JP3371200001_2020_SR_0.pdf",3,10,46,1,0,21,30,0,3,2,7,4,94,0,31,6,16,38,0,71,0,"JP3371200001","JP",2020,"JKT"
"191","JP3381000003_2016_SR_0.pdf",0,0,0,0,0,0,14,2,0,0,0,0,7,0,7,0,1,0,0,1,0,"JP3381000003","JP",2016,"JKT"
"192","JP3381000003_2020_SR_0.pdf",0,0,0,0,0,1,13,4,0,1,2,0,34,0,17,1,7,14,0,1,0,"JP3381000003","JP",2020,"JKT"
"193","JP3397200001_2016_SR_0.pdf",0,4,0,0,0,8,0,0,0,0,0,0,0,0,17,2,4,0,0,0,0,"JP3397200001","JP",2016,"JKT"
"194","JP3397200001_2020_SR_0.pdf",0,0,3,2,1,9,1,3,1,1,0,1,18,0,26,6,9,6,0,44,0,"JP3397200001","JP",2020,"JKT"
"195","JP3421800008_2020_SR_0.pdf",0,0,0,0,0,0,3,0,1,0,0,0,7,0,0,34,2,7,3,2,1,"JP3421800008","JP",2020,"JKT"
"196","JP3422950000_2016_SR_0.pdf",4,5,0,0,0,5,22,0,0,0,0,0,12,0,11,6,17,9,0,3,0,"JP3422950000","JP",2016,"JKT"
"197","JP3422950000_2016_SR_2.pdf",0,0,0,0,0,0,0,0,0,0,0,0,3,0,0,3,0,0,0,0,1,"JP3422950000","JP",2016,"JKT"
"198","JP3422950000_2020_SR_0.pdf",3,2,1,0,2,10,32,1,0,0,0,0,38,0,17,5,28,25,0,3,0,"JP3422950000","JP",2020,"JKT"
"199","JP3422950000_2020_SR_2.pdf",2,0,0,0,0,0,6,1,0,0,0,0,16,0,0,10,4,11,0,0,1,"JP3422950000","JP",2020,"JKT"
"200","JP3463000004_2016_SR_0.pdf",6,5,13,0,4,7,6,10,0,1,0,0,15,0,18,6,11,57,37,13,4,"JP3463000004","JP",2016,"JKT"
"201","JP3463000004_2020_SR_0.pdf",0,0,31,7,0,1,21,0,0,1,0,0,37,0,2,7,2,3,23,34,1,"JP3463000004","JP",2020,"JKT"
"202","JP3475350009_2016_SR_0.pdf",0,6,6,0,1,0,0,0,0,0,0,0,8,0,6,15,9,8,2,0,1,"JP3475350009","JP",2016,"JKT"
"203","JP3475350009_2020_SR_0.pdf",1,1,3,0,0,0,12,1,0,3,1,0,19,0,0,3,24,17,1,0,1,"JP3475350009","JP",2020,"JKT"
"204","JP3476480003_2016_SR_0.pdf",1,1,1,1,2,0,2,2,0,1,0,1,1,0,8,11,5,0,2,4,0,"JP3476480003","JP",2016,"JKT"
"205","JP3476480003_2020_SR_0.pdf",1,1,0,0,0,0,5,2,0,2,0,0,50,0,1,11,7,12,0,2,0,"JP3476480003","JP",2020,"JKT"
"206","JP3496400007_2016_SR_0.pdf",0,0,1,0,0,0,1,1,0,0,0,0,1,0,3,2,0,0,0,0,1,"JP3496400007","JP",2016,"JKT"
"207","JP3496400007_2020_SR_0.pdf",0,0,6,1,1,1,36,14,13,1,4,0,17,0,19,22,42,65,0,43,2,"JP3496400007","JP",2020,"JKT"
"208","JP3497400006_2016_SR_0.pdf",0,0,0,0,0,0,0,0,0,0,0,0,1,0,2,0,0,0,0,2,0,"JP3497400006","JP",2016,"JKT"
"209","JP3497400006_2020_SR_0.pdf",1,0,0,0,0,0,2,0,0,0,3,0,10,0,42,1,2,22,3,1,0,"JP3497400006","JP",2020,"JKT"
"210","JP3505000004_2016_SR_0.pdf",1,0,0,0,4,1,100,3,0,2,4,4,32,0,110,3,21,24,3,4,0,"JP3505000004","JP",2016,"JKT"
"211","JP3505000004_2020_SR_0.pdf",1,0,0,0,2,2,186,8,0,23,0,1,145,0,130,15,14,44,2,51,1,"JP3505000004","JP",2020,"JKT"
"212","JP3519400000_2016_IR_0.pdf",1,0,0,0,1,1,0,1,0,2,0,0,4,0,3,1,7,6,0,1,2,"JP3519400000","JP",2016,"JKT"
"213","JP3519400000_2020_IR_0.pdf",0,0,0,0,0,0,2,0,0,0,0,0,16,0,8,1,5,5,0,2,1,"JP3519400000","JP",2020,"JKT"
"214","JP3519400000_2020_SR_0.pdf",1,0,0,0,0,3,7,0,0,0,0,0,15,0,5,2,5,1,0,0,0,"JP3519400000","JP",2020,"JKT"
"215","JP3538800008_2016_SR_0.pdf",0,0,0,0,0,0,5,1,0,0,0,0,3,0,1,2,2,0,1,1,0,"JP3538800008","JP",2016,"JKT"
"216","JP3538800008_2020_SR_0.pdf",1,4,12,6,2,1,46,4,1,5,0,3,63,0,34,2,16,58,1,12,0,"JP3538800008","JP",2020,"JKT"
"217","JP3546800008_2016_SR_0.pdf",0,0,2,0,0,0,2,0,0,0,0,0,3,0,11,3,5,5,0,3,0,"JP3546800008","JP",2016,"JKT"
"218","JP3546800008_2020_SR_0.pdf",0,0,0,0,0,0,8,1,0,0,0,0,14,0,7,3,3,2,0,4,0,"JP3546800008","JP",2020,"JKT"
"219","JP3551500006_2016_IR_0.pdf",0,0,1,0,0,0,2,1,0,0,2,0,0,0,2,7,1,0,0,0,1,"JP3551500006","JP",2016,"JKT"
"220","JP3551500006_2020_IR_0.pdf",0,1,2,0,0,0,24,0,0,0,0,0,8,0,2,126,2,26,0,0,1,"JP3551500006","JP",2020,"JKT"
"221","JP3566800003_2016_IR_0.pdf",0,0,0,7,0,0,4,1,0,0,0,0,0,0,0,0,0,0,0,0,0,"JP3566800003","JP",2016,"JKT"
"222","JP3566800003_2020_SR_0.pdf",0,0,0,5,2,0,4,1,1,1,1,0,2,0,1,6,3,5,0,1,1,"JP3566800003","JP",2020,"JKT"
"223","JP3571400005_2016_SR_0.pdf",2,0,1,2,0,1,1,5,0,0,0,1,7,0,3,3,4,17,0,2,0,"JP3571400005","JP",2016,"JKT"
"224","JP3571400005_2020_SR_0.pdf",0,0,0,0,0,0,20,1,0,0,0,1,15,0,5,0,3,17,1,1,0,"JP3571400005","JP",2020,"JKT"
"225","JP3592200004_2016_IR_0.pdf",0,0,0,0,0,0,6,0,0,0,0,1,7,0,2,4,0,0,0,0,0,"JP3592200004","JP",2016,"JKT"
"226","JP3592200004_2016_SR_0.pdf",3,1,2,1,0,0,14,1,0,4,1,2,14,0,20,6,17,4,6,51,0,"JP3592200004","JP",2016,"JKT"
"227","JP3592200004_2020_IR_0.pdf",1,0,0,0,0,1,23,1,0,1,0,1,19,0,9,4,5,13,0,0,0,"JP3592200004","JP",2020,"JKT"
"228","JP3592200004_2020_SR_0.pdf",1,1,2,0,1,1,41,2,0,3,0,2,75,0,83,9,16,46,7,11,0,"JP3592200004","JP",2020,"JKT"
"229","JP3633400001_2016_ER_0.pdf",0,0,0,0,0,3,16,3,0,0,0,1,15,0,24,0,8,0,3,1,0,"JP3633400001","JP",2016,"JKT"
"230","JP3633400001_2016_SR_0.pdf",0,1,1,0,0,4,18,4,0,0,1,2,17,0,31,4,29,2,4,0,0,"JP3633400001","JP",2016,"JKT"
"231","JP3633400001_2020_ER_0.pdf",0,0,0,0,0,1,31,1,0,0,0,0,38,0,20,0,10,49,0,2,0,"JP3633400001","JP",2020,"JKT"
"232","JP3633400001_2020_SR_0.pdf",0,0,0,0,0,1,0,1,0,0,0,0,2,0,0,3,4,20,0,3,0,"JP3633400001","JP",2020,"JKT"
"233","JP3634600005_2016_SR_0.pdf",0,0,0,2,0,0,3,3,0,0,0,0,4,0,14,1,0,0,0,1,0,"JP3634600005","JP",2016,"JKT"
"234","JP3634600005_2020_SR_0.pdf",0,0,0,3,0,4,26,5,0,1,0,0,11,0,20,2,2,15,0,1,1,"JP3634600005","JP",2020,"JKT"
"235","JP3726800000_2016_SR_0.pdf",2,0,1,1,1,1,5,1,0,0,2,0,5,0,16,2,0,0,0,89,0,"JP3726800000","JP",2016,"JKT"
"236","JP3726800000_2020_SR_0.pdf",1,0,5,0,2,3,0,1,0,0,0,0,16,0,2,4,10,13,2,1,0,"JP3726800000","JP",2020,"JKT"
"237","JP3732000009_2016_SR_0.pdf",0,0,3,0,0,0,9,0,0,0,0,0,0,0,0,2,1,0,0,1,0,"JP3732000009","JP",2016,"JKT"
"238","JP3732000009_2020_SR_0.pdf",0,0,1,0,0,3,83,0,1,1,0,1,67,0,27,35,12,328,1,12,1,"JP3732000009","JP",2020,"JKT"
"239","JP3734800000_2016_SR_0.pdf",1,0,0,0,0,0,12,0,0,0,0,3,3,0,3,0,11,11,1,1,0,"JP3734800000","JP",2016,"JKT"
"240","JP3734800000_2020_SR_0.pdf",1,0,1,0,0,0,11,1,2,0,0,2,33,0,1,0,3,11,1,1,0,"JP3734800000","JP",2020,"JKT"
"241","JP3735400008_2016_SR_0.pdf",0,0,1,1,1,0,29,3,0,4,0,0,39,0,88,6,4,5,0,176,0,"JP3735400008","JP",2016,"JKT"
"242","JP3735400008_2020_SR_0.pdf",0,1,1,0,2,1,58,0,0,3,0,0,45,0,19,3,3,8,0,83,0,"JP3735400008","JP",2020,"JKT"
"243","JP3752900005_2020_SR_0.pdf",2,0,1,0,0,0,0,0,0,0,0,0,17,0,2,1,8,21,0,0,0,"JP3752900005","JP",2020,"JKT"
"244","JP3756100008_2020_SR_0.pdf",0,0,0,0,0,1,0,1,0,1,0,0,14,0,0,7,5,31,0,1,1,"JP3756100008","JP",2020,"JKT"
"245","JP3762600009_2016_IR_0.pdf",0,0,1,0,0,0,2,10,0,1,0,0,7,0,0,6,13,7,0,7,1,"JP3762600009","JP",2016,"JKT"
"246","JP3762600009_2020_IR_0.pdf",0,0,2,0,0,0,1,1,0,1,0,0,18,0,1,2,1,17,0,4,0,"JP3762600009","JP",2020,"JKT"
"247","JP3762800005_2016_IR_0.pdf",0,0,0,0,0,0,1,0,0,2,0,1,1,0,2,1,2,6,1,2,2,"JP3762800005","JP",2016,"JKT"
"248","JP3762800005_2020_IR_0.pdf",0,0,0,0,0,0,21,0,0,0,0,0,22,0,2,2,4,3,2,3,1,"JP3762800005","JP",2020,"JKT"
"249","JP3762800005_2020_SR_0.pdf",0,0,0,0,0,1,30,2,0,1,0,0,38,0,7,0,6,7,2,19,2,"JP3762800005","JP",2020,"JKT"
"250","JP3778630008_2016_SR_0.pdf",0,0,0,0,0,0,0,0,0,0,0,0,0,0,0,2,0,0,0,0,0,"JP3778630008","JP",2016,"JKT"
"251","JP3778630008_2020_IR_0.pdf",0,0,0,0,0,0,4,0,0,0,0,0,6,0,0,8,1,2,0,1,0,"JP3778630008","JP",2020,"JKT"
"252","JP3783600004_2016_SR_0.pdf",0,0,0,0,1,1,14,3,0,1,1,0,4,0,4,6,2,0,1,8,0,"JP3783600004","JP",2016,"JKT"
"253","JP3783600004_2020_IR_0.pdf",0,0,0,0,0,0,14,0,0,0,0,0,10,0,3,9,4,6,0,0,1,"JP3783600004","JP",2020,"JKT"
"254","JP3788600009_2016_IR_0.pdf",0,0,0,0,0,1,10,1,0,1,0,0,4,0,5,4,7,15,0,46,0,"JP3788600009","JP",2016,"JKT"
"255","JP3788600009_2016_SR_0.pdf",3,0,2,0,0,1,14,9,0,1,0,0,21,0,25,6,14,17,0,55,1,"JP3788600009","JP",2016,"JKT"
"256","JP3788600009_2020_IR_0.pdf",0,0,2,0,0,0,29,8,0,0,0,0,38,0,11,3,2,4,0,0,0,"JP3788600009","JP",2020,"JKT"
"257","JP3788600009_2020_SR_0.pdf",1,1,2,0,1,0,39,5,0,1,0,0,49,0,20,10,11,49,0,97,0,"JP3788600009","JP",2020,"JKT"
"258","JP3802300008_2016_SR_0.pdf",3,0,3,0,0,1,0,3,0,0,0,0,1,0,0,2,4,4,0,1,0,"JP3802300008","JP",2016,"JKT"
"259","JP3802300008_2020_SR_0.pdf",0,0,0,0,0,0,1,0,1,1,0,0,6,0,1,2,2,4,1,3,0,"JP3802300008","JP",2020,"JKT"
"260","JP3802400006_2016_SR_0.pdf",0,0,0,0,0,0,0,0,0,0,0,0,0,0,0,0,0,0,0,0,0,"JP3802400006","JP",2016,"JKT"
"261","JP3802400006_2017_SR_0.pdf",0,0,0,0,0,0,0,0,0,0,0,0,0,0,0,0,0,0,0,0,0,"JP3802400006","JP",2017,"JKT"
"262","JP3802400006_2018_SR_0.pdf",0,0,0,0,0,0,1,0,0,0,0,0,0,0,0,0,0,0,0,0,0,"JP3802400006","JP",2018,"JKT"
"263","JP3802400006_2019_SR_0.pdf",0,0,0,0,0,0,2,1,0,0,0,0,12,0,2,0,9,34,0,14,0,"JP3802400006","JP",2019,"JKT"
"264","JP3802400006_2020_SR_0.pdf",0,0,0,0,0,0,3,1,0,0,0,0,19,0,3,9,5,10,0,1,0,"JP3802400006","JP",2020,"JKT"
"265","JP3802400006_2021_SR_0.pdf",0,0,0,0,0,0,1,1,0,0,0,0,18,0,3,7,5,15,0,1,0,"JP3802400006","JP",2021,"JKT"
"266","JP3814000000_2016_IR_0.pdf",0,0,0,0,0,0,2,0,0,0,0,0,1,0,0,5,7,5,0,0,0,"JP3814000000","JP",2016,"JKT"
"267","JP3814000000_2016_SR_0.pdf",3,2,2,1,2,7,12,4,0,0,1,1,8,0,46,5,15,25,1,4,0,"JP3814000000","JP",2016,"JKT"
"268","JP3814000000_2020_SR_0.pdf",0,0,1,0,0,5,17,0,0,0,0,0,8,0,3,2,3,8,0,3,1,"JP3814000000","JP",2020,"JKT"
"269","JP3814800003_2016_SR_0.pdf",0,0,1,0,0,0,1,1,0,0,0,0,1,0,3,2,0,0,0,0,1,"JP3814800003","JP",2016,"JKT"
"270","JP3814800003_2020_SR_0.pdf",0,0,6,1,1,1,36,14,13,1,4,0,17,0,19,22,42,65,0,43,2,"JP3814800003","JP",2020,"JKT"
"271","JP3830800003_2016_SR_0.pdf",1,0,1,1,0,0,0,2,0,0,1,0,7,0,10,3,6,2,2,2,2,"JP3830800003","JP",2016,"JKT"
"272","JP3830800003_2020_SR_0.pdf",0,0,1,3,0,1,16,0,1,1,0,1,11,0,7,3,2,15,0,9,0,"JP3830800003","JP",2020,"JKT"
"273","JP3854600008_2016_SR_0.pdf",3,2,4,1,0,0,19,1,0,4,0,0,27,0,20,3,6,2,0,129,0,"JP3854600008","JP",2016,"JKT"
"274","JP3854600008_2020_SR_0.pdf",2,1,4,2,0,1,22,0,1,4,0,0,54,0,20,5,6,26,2,126,0,"JP3854600008","JP",2020,"JKT"
"275","JP3866800000_2016_SR_0.pdf",0,0,1,0,0,1,33,2,0,0,0,0,20,0,60,8,10,3,6,5,0,"JP3866800000","JP",2016,"JKT"
"276","JP3866800000_2020_SR_0.pdf",5,0,1,0,3,0,84,2,1,0,0,1,35,0,56,6,9,13,7,5,0,"JP3866800000","JP",2020,"JKT"
"277","JP3890310000_2016_SR_0.pdf",3,1,3,1,3,2,3,8,0,1,8,1,26,0,9,7,10,8,0,0,1,"JP3890310000","JP",2016,"JKT"
"278","JP3890310000_2020_SR_0.pdf",1,0,2,0,3,0,14,4,1,0,6,0,95,0,12,11,5,16,0,0,1,"JP3890310000","JP",2020,"JKT"
"279","JP3890350006_2016_SR_0.pdf",3,2,1,0,0,0,29,5,0,1,0,1,11,0,12,0,13,4,1,13,0,"JP3890350006","JP",2016,"JKT"
"280","JP3890350006_2020_SR_0.pdf",2,1,4,0,2,0,27,2,0,4,1,0,45,0,16,7,20,43,1,8,0,"JP3890350006","JP",2020,"JKT"
"281","JP3893200000_2016_SR_0.pdf",0,0,1,0,0,12,1,0,0,0,2,0,0,0,6,5,3,1,0,0,0,"JP3893200000","JP",2016,"JKT"
"282","JP3893200000_2020_SR_0.pdf",1,0,1,0,0,6,5,1,0,1,2,0,8,0,6,1,2,16,0,0,1,"JP3893200000","JP",2020,"JKT"
"283","JP3893600001_2016_SR_0.pdf",2,5,2,1,1,3,18,4,1,1,0,4,17,0,55,15,27,25,0,15,0,"JP3893600001","JP",2016,"JKT"
"284","JP3893600001_2020_SR_0.pdf",2,0,1,0,0,11,50,8,0,0,0,6,120,0,85,17,33,52,0,6,0,"JP3893600001","JP",2020,"JKT"
"285","JP3898400001_2016_SR_0.pdf",1,0,1,0,0,1,2,1,0,0,0,0,7,0,2,0,8,1,0,1,1,"JP3898400001","JP",2016,"JKT"
"286","JP3898400001_2020_SR_0.pdf",9,3,1,0,0,5,57,2,0,1,0,0,79,0,47,16,39,32,3,4,0,"JP3898400001","JP",2020,"JKT"
"287","JP3899600005_2016_SR_0.pdf",0,0,0,1,0,1,8,1,0,3,2,4,8,0,16,4,4,7,0,21,0,"JP3899600005","JP",2016,"JKT"
"288","JP3899600005_2020_IR_0.pdf",0,0,7,0,0,1,35,5,0,1,0,0,22,0,2,7,3,27,0,0,0,"JP3899600005","JP",2020,"JKT"
"289","JP3902400005_2016_SR_0.pdf",1,0,3,1,0,4,11,0,2,1,0,5,11,0,28,2,12,54,0,5,0,"JP3902400005","JP",2016,"JKT"
"290","JP3902400005_2020_SR_0.pdf",0,0,0,0,0,1,18,0,0,0,0,0,62,0,117,0,3,4,1,2,0,"JP3902400005","JP",2020,"JKT"
"291","JP3910660004_2016_SR_0.pdf",38,2,3,2,0,2,34,9,1,4,107,4,102,0,94,42,39,42,8,86,0,"JP3910660004","JP",2016,"JKT"
"292","JP3910660004_2020_SR_0.pdf",25,3,9,1,0,4,70,5,1,3,113,4,163,0,88,48,38,85,13,80,0,"JP3910660004","JP",2020,"JKT"
"293","JP3942400007_2016_SR_0.pdf",2,0,3,0,0,2,7,1,0,3,0,0,9,0,19,2,10,5,0,1,1,"JP3942400007","JP",2016,"JKT"
"294","JP3942400007_2017_SR_0.pdf",5,0,3,0,1,2,5,4,0,2,0,1,6,0,17,5,14,11,0,1,1,"JP3942400007","JP",2017,"JKT"
"295","JP3942400007_2018_SR_0.pdf",4,0,3,0,1,2,6,2,0,1,0,1,7,0,20,10,14,9,0,2,1,"JP3942400007","JP",2018,"JKT"
"296","JP3942400007_2019_SR_0.pdf",5,0,3,0,0,0,1,0,0,2,0,0,2,0,8,5,12,15,0,2,1,"JP3942400007","JP",2019,"JKT"
"297","JP3942400007_2020_SR_0.pdf",5,0,7,0,0,0,2,0,0,2,0,0,4,0,8,5,13,15,0,2,1,"JP3942400007","JP",2020,"JKT"
"298","JP3951600000_2020_SR_0.pdf",4,0,51,2,3,6,8,5,0,10,0,0,61,0,31,12,9,43,0,4,0,"JP3951600000","JP",2020,"JKT"
"299","JP3951600000_2020_SR_2.pdf",3,0,42,1,2,2,3,5,0,14,0,0,32,0,4,11,4,25,0,2,1,"JP3951600000","JP",2020,"JKT"
"300","JP3951600000_2021_SR_0.pdf",3,0,42,1,2,2,3,5,0,14,0,0,32,0,4,11,4,25,0,2,1,"JP3951600000","JP",2021,"JKT"
"301","JP3970300004_2016_IR_0.pdf",0,0,2,0,3,0,0,3,0,0,0,0,1,0,3,1,2,4,0,1,1,"JP3970300004","JP",2016,"JKT"
"302","JP3970300004_2020_SR_0.pdf",0,0,0,0,0,0,0,0,0,0,0,0,0,0,1,1,0,0,0,0,0,"JP3970300004","JP",2020,"JKT"
"303","KR7000270009_2016_SR_0.pdf",5,4,6,6,3,2,2,8,2,4,3,2,10,0,7,4,17,15,3,7,0,"KR7000270009","KR",2016,"JKT"
"304","KR7000270009_2020_SR_0.pdf",0,0,1,0,1,0,14,0,0,4,0,0,29,0,5,0,2,4,1,31,0,"KR7000270009","KR",2020,"JKT"
"305","KR7005380001_2016_SR_0.pdf",0,0,0,1,0,3,6,9,0,3,0,0,14,0,9,2,2,0,0,10,0,"KR7005380001","KR",2016,"JKT"
"306","KR7005380001_2020_SR_0.pdf",0,0,1,0,0,2,20,1,0,2,0,1,33,0,11,3,9,2,0,50,0,"KR7005380001","KR",2020,"JKT"
"307","KR7005490008_2016_SR_0.pdf",1,4,2,2,3,1,52,3,1,5,0,1,80,0,26,4,10,12,1,91,0,"KR7005490008","KR",2016,"JKT"
"308","KR7005490008_2020_SR_0.pdf",0,1,7,1,0,0,30,1,0,1,0,1,63,0,15,0,7,23,0,76,0,"KR7005490008","KR",2020,"JKT"
"309","KR7005930003_2016_SR_0.pdf",3,3,6,2,4,4,26,5,2,6,0,2,39,0,25,7,10,41,0,13,0,"KR7005930003","KR",2016,"JKT"
"310","KR7005930003_2020_SR_0.pdf",0,0,0,0,3,3,62,2,0,5,0,0,40,0,6,4,3,14,0,21,0,"KR7005930003","KR",2020,"JKT"
"311","KR7006400006_2016_SR_0.pdf",1,4,2,3,1,1,17,1,2,8,0,1,6,0,2,3,6,7,1,13,1,"KR7006400006","KR",2016,"JKT"
"312","KR7006400006_2020_SR_0.pdf",0,0,1,1,0,2,43,2,1,3,1,0,29,0,1,5,12,8,1,51,0,"KR7006400006","KR",2020,"JKT"
"313","KR7012330007_2016_SR_0.pdf",1,4,1,3,2,1,0,2,1,6,0,1,11,0,7,7,3,3,9,12,0,"KR7012330007","KR",2016,"JKT"
"314","KR7012330007_2020_SR_0.pdf",3,0,2,1,2,5,19,3,0,5,0,4,28,0,7,2,5,12,5,74,0,"KR7012330007","KR",2020,"JKT"
"315","KR7017670001_2016_IR_0.pdf",1,1,3,3,2,1,8,1,0,2,0,0,14,0,2,32,4,11,38,19,5,"KR7017670001","KR",2016,"JKT"
"316","KR7017670001_2020_IR_0.pdf",0,0,5,2,1,0,24,3,3,1,0,1,64,0,6,4,10,19,32,25,4,"KR7017670001","KR",2020,"JKT"
"317","KR7028260008_2016_SR_0.pdf",3,4,3,2,1,1,7,0,2,9,0,2,18,0,11,4,6,32,0,68,0,"KR7028260008","KR",2016,"JKT"
"318","KR7028260008_2020_SR_0.pdf",2,3,3,3,3,6,26,4,2,5,0,0,16,0,7,62,11,63,0,82,0,"KR7028260008","KR",2020,"JKT"
"319","KR7035420009_2020_SR_0.pdf",0,0,0,0,0,1,4,0,0,0,0,0,1,0,0,0,0,0,0,0,0,"KR7035420009","KR",2020,"JKT"
"320","KR7105560007_2016_SR_0.pdf",2,3,2,4,2,2,11,6,3,4,1,1,3,0,2,1,5,13,1,8,0,"KR7105560007","KR",2016,"JKT"
"321","NL0000009082_2016_IR_0.pdf",2,0,1,1,1,0,11,13,0,6,2,0,21,0,6,4,8,13,0,175,3,"NL0000009082","NL",2016,"EUR"
"322","NL0000009082_2020_IR_0.pdf",1,0,2,1,1,0,6,2,1,7,2,2,10,0,8,3,6,13,0,68,3,"NL0000009082","NL",2020,"EUR"
"323","NL0000009165_2016_IR_0.pdf",0,9,0,1,0,5,6,8,2,3,0,37,6,0,12,7,9,10,0,62,0,"NL0000009165","NL",2016,"EUR"
"324","NL0000009165_2020_IR_0.pdf",2,10,1,0,0,5,22,2,0,1,0,23,6,0,2,9,8,23,0,2,0,"NL0000009165","NL",2020,"EUR"
"325","NL0000009538_2016_IR_0.pdf",0,0,10,0,0,0,24,9,13,0,0,5,5,0,12,14,8,8,1,42,2,"NL0000009538","NL",2016,"EUR"
"326","NL0000009538_2020_IR_0.pdf",1,1,47,0,6,4,17,8,6,14,0,8,19,0,17,18,23,27,5,40,1,"NL0000009538","NL",2020,"EUR"
"327","NL0000226223_2016_SR_0.pdf",0,0,3,0,1,0,13,1,0,3,0,0,6,0,5,3,10,2,4,18,0,"NL0000226223","NL",2016,"EUR"
"328","NL0000226223_2020_SR_0.pdf",0,0,15,3,10,6,37,4,2,9,0,2,43,0,5,3,26,65,3,52,0,"NL0000226223","NL",2020,"EUR"
"329","NL0000235190_2016_IR_0.pdf",1,2,1,1,1,4,1,6,0,1,1,2,7,0,0,4,3,6,0,0,0,"NL0000235190","NL",2016,"EUR"
"330","NL0000235190_2020_IR_0.pdf",0,1,1,2,1,0,3,5,0,1,0,0,19,0,4,15,4,13,0,2,0,"NL0000235190","NL",2020,"EUR"
"331","NL0000395903_2016_SR_0.pdf",1,0,6,1,1,2,9,4,0,6,0,1,3,0,2,3,5,4,0,5,0,"NL0000395903","NL",2016,"EUR"
"332","NL0000395903_2020_IR_0.pdf",0,0,7,0,0,0,2,0,0,4,0,0,2,0,0,6,2,9,0,53,0,"NL0000395903","NL",2020,"EUR"
"333","NL0009434992_2020_SR_0.pdf",0,0,0,0,0,0,17,1,0,3,0,0,21,0,11,8,5,16,10,140,0,"NL0009434992","NL",2020,"EUR"
"334","NL0010545661_2016_SR_0.pdf",6,36,9,6,2,14,36,12,3,32,8,10,64,0,63,19,21,25,0,577,0,"NL0010545661","NL",2016,"EUR"
"335","NL0010545661_2020_SR_0.pdf",0,32,1,1,2,5,29,3,0,21,2,2,76,0,44,12,31,36,2,532,0,"NL0010545661","NL",2020,"EUR"
"336","NL0010773842_2016_IR_0.pdf",1,0,1,0,0,0,4,9,0,5,0,1,21,0,5,5,6,15,5,50,2,"NL0010773842","NL",2016,"EUR"
"337","NL0010773842_2020_CR_0.pdf",0,0,2,0,0,0,7,0,0,0,0,0,39,0,1,0,1,0,0,0,0,"NL0010773842","NL",2020,"EUR"
"338","NL0010773842_2020_IR_0.pdf",10,0,25,0,5,0,5,7,0,3,0,3,47,0,8,4,9,22,6,38,3,"NL0010773842","NL",2020,"EUR"
"339","NL0011585146_2016_SR_0.pdf",0,0,1,0,3,0,1,0,0,2,0,0,3,0,5,0,8,0,0,0,0,"NL0011585146","NL",2016,"EUR"
"340","NL0011585146_2020_IR_0.pdf",0,0,3,0,0,0,5,4,0,1,0,0,21,0,0,2,10,7,0,2,0,"NL0011585146","NL",2020,"EUR"
"341","NL0011585146_2020_SR_0.pdf",0,0,2,0,0,0,7,1,0,3,0,0,18,0,1,1,8,7,0,125,0,"NL0011585146","NL",2020,"EUR"
"342","NL0012015705_2020_SR_0.pdf",4,1,0,0,0,0,1,0,0,0,0,0,2,0,0,0,1,4,0,0,0,"NL0012015705","NL",2020,"EUR"
"343","NL0013654783_2020_IR_0.pdf",1,3,1,2,5,0,6,6,0,1,0,3,34,0,8,21,14,25,1,0,1,"NL0013654783","NL",2020,"EUR"
"344","NL00150001Q9_2020_SR_1.pdf",0,1,9,0,1,1,7,2,1,8,0,1,16,0,15,4,27,35,0,30,0,"NL00150001Q9","NL",2020,"EUR"
"345","NL00150001Q9_2020_SR_2.pdf",3,3,53,2,17,3,17,4,1,31,3,4,98,0,56,10,48,8,1,409,1,"NL00150001Q9","NL",2020,"EUR"
"346","SE0000103699_2020_SR_0.pdf",0,1,0,1,0,0,14,1,0,1,1,0,7,0,3,2,4,2,0,0,0,"SE0000103699","SE",2020,"EUR"
"347","SE0000107419_2016_GC_0.pdf",0,0,0,0,0,0,3,0,0,0,0,0,1,0,0,0,1,0,0,0,0,"SE0000107419","SE",2016,"EUR"
"348","SE0000107419_2020_IR_0.pdf",0,0,2,0,1,0,5,2,0,2,0,0,11,0,1,3,5,6,0,12,0,"SE0000107419","SE",2020,"EUR"
"349","SE0000108656_2016_GC_0.pdf",1,1,0,0,0,0,0,0,0,0,1,0,4,0,0,13,16,8,32,10,0,"SE0000108656","SE",2016,"EUR"
"350","SE0000108656_2016_SR_0.pdf",3,2,6,3,2,2,10,1,0,6,8,0,30,0,1,25,27,63,3,58,0,"SE0000108656","SE",2016,"EUR"
"351","SE0000108656_2020_GC_0.pdf",0,0,0,0,0,0,0,1,0,2,0,0,12,0,0,7,10,6,29,3,0,"SE0000108656","SE",2020,"EUR"
"352","SE0000108656_2020_SR_0.pdf",0,0,28,0,0,0,5,1,0,5,0,0,25,0,1,10,10,9,1,17,0,"SE0000108656","SE",2020,"EUR"
"353","SE0000115446_2016_SR_0.pdf",2,0,2,0,0,1,9,0,4,1,31,0,9,0,1,9,18,13,1,37,0,"SE0000115446","SE",2016,"EUR"
"354","SE0000115446_2020_SR_0.pdf",1,0,5,0,0,2,25,1,0,6,14,0,10,0,0,5,4,14,0,38,0,"SE0000115446","SE",2020,"EUR"
"355","SE0000242455_2016_IR_0.pdf",0,0,0,0,14,0,5,1,0,0,0,0,4,0,0,0,0,0,0,15,0,"SE0000242455","SE",2016,"EUR"
"356","SE0000242455_2020_IR_0.pdf",0,0,4,0,14,0,18,3,0,1,1,2,54,0,4,9,24,11,0,135,0,"SE0000242455","SE",2020,"EUR"
"357","SE0000310336_2016_IR_0.pdf",0,0,1,0,10,2,1,0,0,15,0,0,3,0,0,4,3,0,0,2,0,"SE0000310336","SE",2016,"EUR"
"358","SE0000310336_2020_IR_0.pdf",4,11,4,3,2,3,6,2,2,45,1,0,7,0,10,5,6,49,0,0,0,"SE0000310336","SE",2020,"EUR"
"359","SE0000667891_2016_IR_0.pdf",1,0,7,1,2,1,15,1,0,0,0,0,12,0,0,22,4,0,2,11,0,"SE0000667891","SE",2016,"EUR"
"360","SE0000667891_2020_IR_0.pdf",0,0,5,0,2,0,16,1,0,5,0,0,2,0,0,3,4,11,3,25,0,"SE0000667891","SE",2020,"EUR"
"361","SE0011166610_2016_IR_0.pdf",0,0,7,0,0,3,27,8,0,2,0,0,5,0,1,12,9,0,37,50,0,"SE0011166610","SE",2016,"EUR"
"362","SE0011166610_2020_IR_0.pdf",1,0,28,0,1,11,32,2,0,2,0,1,6,0,0,8,9,8,1,26,0,"SE0011166610","SE",2020,"EUR"
"363","TW0001216000_2016_SR_0.pdf",0,0,0,0,0,0,0,0,0,0,0,0,0,0,0,0,0,0,0,4,0,"TW0001216000","TW",2016,"JKT"
"364","TW0001216000_2020_SR_0.pdf",0,0,0,2,0,13,10,0,0,0,1,0,31,0,1,0,13,2,0,126,0,"TW0001216000","TW",2020,"JKT"
"365","TW0001301000_2016_SR_0.pdf",1,0,0,2,6,3,2,0,0,5,0,1,3,0,12,6,14,0,0,12,0,"TW0001301000","TW",2016,"JKT"
"366","TW0001301000_2020_SR_0.pdf",0,0,3,0,2,0,10,1,0,1,0,0,43,0,0,2,17,9,0,26,0,"TW0001301000","TW",2020,"JKT"
"367","TW0001303006_2016_SR_0.pdf",0,0,0,1,5,3,1,0,0,2,0,1,3,0,10,0,16,0,0,10,0,"TW0001303006","TW",2016,"JKT"
"368","TW0002002003_2016_SR_0.pdf",0,1,1,0,0,0,7,4,0,2,0,0,13,0,6,4,15,4,1,6,0,"TW0002002003","TW",2016,"JKT"
"369","TW0002002003_2020_SR_0.pdf",0,0,2,0,0,0,16,4,0,1,0,0,27,0,2,4,20,34,1,56,0,"TW0002002003","TW",2020,"JKT"
"370","TW0002303005_2016_SR_0.pdf",0,0,2,2,7,3,5,3,0,2,5,1,21,0,4,5,107,4,0,19,0,"TW0002303005","TW",2016,"JKT"
"371","TW0002303005_2020_SR_0.pdf",0,0,1,3,9,4,48,5,0,4,6,2,69,1,6,10,35,9,0,19,0,"TW0002303005","TW",2020,"JKT"
"372","TW0002317005_2016_SR_0.pdf",0,1,10,2,0,0,7,0,0,1,0,0,6,0,1,4,5,0,0,3,0,"TW0002317005","TW",2016,"JKT"
"373","TW0002317005_2020_SR_0.pdf",2,0,0,3,0,1,21,1,1,5,0,0,41,0,0,7,18,22,0,45,0,"TW0002317005","TW",2020,"JKT"
"374","TW0002412004_2016_SR_0.pdf",0,0,0,1,6,0,28,2,0,13,0,0,8,0,1,8,11,13,0,29,3,"TW0002412004","TW",2016,"JKT"
"375","TW0002412004_2020_SR_0.pdf",0,0,1,1,8,3,33,3,0,6,1,0,28,0,0,9,18,41,0,33,3,"TW0002412004","TW",2020,"JKT"
"376","TW0002881000_2016_SR_0.pdf",7,1,17,10,5,1,3,12,0,3,2,1,24,0,3,1,26,12,1,30,0,"TW0002881000","TW",2016,"JKT"
"377","TW0002881000_2020_SR_0.pdf",2,0,7,0,2,1,12,3,0,1,1,1,30,0,4,4,9,9,0,61,0,"TW0002881000","TW",2020,"JKT"
"378","TW0002882008_2016_SR_0.pdf",0,0,0,0,1,0,27,0,0,1,0,1,11,0,1,2,9,6,0,21,0,"TW0002882008","TW",2016,"JKT"
"379","TW0002882008_2020_SR_0.pdf",3,0,2,1,3,1,38,3,0,2,0,0,111,0,1,15,30,24,0,47,0,"TW0002882008","TW",2020,"JKT"
"380","TW0002886009_2020_SR_0.pdf",0,0,0,0,0,0,0,0,0,0,0,0,0,0,0,0,0,0,0,0,0,"TW0002886009","TW",2020,"JKT"
"381","US0010551028_2016_SR_0.pdf",0,0,0,1,0,0,1,0,0,0,0,0,0,0,0,3,0,0,0,4,0,"US0010551028","US",2016,"USA"
"382","US0010551028_2020_SR_0.pdf",1,0,2,0,3,0,4,0,0,2,0,0,5,0,0,8,6,8,0,11,0,"US0010551028","US",2020,"USA"
"383","US00507V1098_2020_SR_0.pdf",0,0,4,0,0,0,2,0,0,0,0,0,0,0,0,2,0,0,0,0,0,"US00507V1098","US",2020,"USA"
"384","US00751Y1064_2020_SR_0.pdf",0,0,0,0,0,2,0,0,0,0,0,0,1,0,0,4,0,0,0,0,0,"US00751Y1064","US",2020,"USA"
"385","US0091581068_2016_SR_0.pdf",1,2,1,1,1,3,38,3,0,5,1,1,20,0,2,13,4,6,2,7,0,"US0091581068","US",2016,"USA"
"386","US0091581068_2020_SR_1.pdf",1,0,3,0,1,3,40,1,0,1,0,2,11,0,1,5,4,6,0,14,0,"US0091581068","US",2020,"USA"
"387","US0091581068_2020_SR_2.pdf",0,0,0,0,0,0,1,0,0,0,0,0,2,0,0,1,0,0,0,5,0,"US0091581068","US",2020,"USA"
"388","US0091581068_2020_SR_3.pdf",0,0,0,0,0,0,1,0,0,0,0,0,0,0,0,0,0,0,0,4,0,"US0091581068","US",2020,"USA"
"389","US0091581068_2020_SR_4.pdf",1,0,0,1,0,0,4,0,0,1,0,2,7,0,0,1,1,0,0,23,0,"US0091581068","US",2020,"USA"
"390","US0152711091_2020_SR_0.pdf",0,1,3,2,1,1,2,1,0,3,1,1,4,0,1,2,3,2,0,99,0,"US0152711091","US",2020,"USA"
"391","US0311001004_2020_SR_0.pdf",3,0,5,0,0,0,10,0,0,0,0,0,9,0,0,0,0,0,0,0,0,"US0311001004","US",2020,"USA"
"392","US0404131064_2020_SR_0.pdf",0,5,2,0,0,0,6,0,0,1,0,0,2,0,0,3,0,0,0,61,0,"US0404131064","US",2020,"USA"
"393","US0584981064_2016_SR_0.pdf",1,10,1,0,0,3,7,2,0,0,0,1,5,0,7,6,9,7,0,2,0,"US0584981064","US",2016,"USA"
"394","US0584981064_2016_SR_1.pdf",0,0,0,1,0,0,0,1,0,1,0,0,10,0,2,0,0,0,0,23,0,"US0584981064","US",2016,"USA"
"395","US0584981064_2020_SR_0.pdf",1,0,0,0,0,5,17,0,0,0,0,1,16,0,7,3,3,3,0,2,0,"US0584981064","US",2020,"USA"
"396","US0584981064_2020_SR_1.pdf",0,0,5,0,0,0,1,0,0,3,0,0,11,0,10,0,0,263,0,76,0,"US0584981064","US",2020,"USA"
"397","US0605051046_2016_SR_0.pdf",0,0,1,0,0,2,12,3,0,0,0,0,5,0,0,5,1,0,0,0,0,"US0605051046","US",2016,"USA"
"398","US0605051046_2020_SR_0.pdf",0,0,0,0,0,0,8,0,0,0,0,0,3,0,4,0,1,6,0,5,0,"US0605051046","US",2020,"USA"
"399","US0970231058_2016_ER_0.pdf",1,0,0,0,0,1,8,0,0,0,0,0,7,0,4,2,1,0,0,0,0,"US0970231058","US",2016,"USA"
"400","US0970231058_2016_SR_0.pdf",0,1,0,0,0,0,0,0,0,0,0,0,0,0,0,0,1,0,0,0,0,"US0970231058","US",2016,"USA"
"401","US0970231058_2020_SR_0.pdf",1,0,13,2,1,3,20,3,1,2,0,1,22,0,10,19,12,6,0,41,0,"US0970231058","US",2020,"USA"
"402","US0995021062_2016_CR_0.pdf",0,0,0,0,0,0,0,0,0,0,0,0,0,0,0,0,0,0,0,0,0,"US0995021062","US",2016,"USA"
"403","US0995021062_2016_SR_0.pdf",0,0,1,0,1,0,0,0,0,0,0,0,0,0,0,1,0,0,0,0,0,"US0995021062","US",2016,"USA"
"404","US0995021062_2020_CR_0.pdf",0,0,0,0,0,0,0,0,0,0,0,0,1,0,0,0,0,0,0,0,0,"US0995021062","US",2020,"USA"
"405","US0995021062_2020_SR_0.pdf",0,1,9,1,0,0,0,0,0,2,0,0,14,0,2,25,0,0,0,83,0,"US0995021062","US",2020,"USA"
"406","US1011211018_2016_SR_0.pdf",0,0,2,0,0,0,11,0,0,1,0,0,1,0,0,3,1,0,0,34,0,"US1011211018","US",2016,"USA"
"407","US1011211018_2020_SR_0.pdf",0,0,8,0,0,0,17,0,0,2,1,0,29,0,7,2,9,3,0,46,0,"US1011211018","US",2020,"USA"
"408","US1156372096_2016_SR_0.pdf",1,4,0,0,0,6,11,0,0,1,0,0,7,0,1,0,3,6,0,3,0,"US1156372096","US",2016,"USA"
"409","US1156372096_2020_SR_0.pdf",0,1,4,0,0,2,7,0,0,1,0,0,9,0,0,4,0,0,0,0,0,"US1156372096","US",2020,"USA"
"410","US1156372096_2020_SR_2.pdf",0,0,0,0,0,0,3,0,0,0,0,0,0,0,0,0,0,0,0,0,0,"US1156372096","US",2020,"USA"
"411","US12541W2098_2020_SR_0.pdf",0,1,5,0,0,0,4,0,0,5,0,0,14,0,1,14,0,0,0,1,0,"US12541W2098","US",2020,"USA"
"412","US14149Y1082_2016_SR_0.pdf",0,0,0,0,0,0,5,0,0,0,0,0,0,0,0,2,1,0,0,0,0,"US14149Y1082","US",2016,"USA"
"413","US14149Y1082_2020_SR_0.pdf",0,2,4,0,0,0,4,0,0,0,0,0,3,0,0,7,1,0,0,5,0,"US14149Y1082","US",2020,"USA"
"414","US1941621039_2016_SR_0.pdf",0,0,11,0,0,31,9,2,0,3,0,3,17,0,6,5,3,0,0,11,0,"US1941621039","US",2016,"USA"
"415","US1941621039_2020_SR_0.pdf",0,0,19,0,0,14,15,0,0,3,0,1,18,0,4,1,3,1,4,8,0,"US1941621039","US",2020,"USA"
"416","US21036P1084_2016_SR_0.pdf",0,1,1,0,0,0,2,0,0,0,0,0,2,0,1,0,0,0,0,0,0,"US21036P1084","US",2016,"USA"
"417","US21036P1084_2020_SR_0.pdf",0,0,1,0,0,2,1,0,0,1,0,9,3,0,2,3,4,5,0,0,0,"US21036P1084","US",2020,"USA"
"418","US2310211063_2016_SR_0.pdf",0,0,0,0,0,0,2,0,0,0,0,0,9,0,14,1,0,0,0,3,0,"US2310211063","US",2016,"USA"
"419","US2310211063_2016_SR_2.pdf",1,0,0,1,3,2,6,0,0,0,0,0,1,0,0,3,2,0,0,4,0,"US2310211063","US",2016,"USA"
"420","US2310211063_2020_SR_0.pdf",3,0,1,1,4,6,12,5,0,0,0,1,13,0,1,13,3,0,0,5,0,"US2310211063","US",2020,"USA"
"421","US2310211063_2020_SR_1.pdf",1,0,0,0,2,0,2,0,0,2,0,0,11,0,8,4,4,0,0,106,0,"US2310211063","US",2020,"USA"
"422","US2310211063_2020_SR_2.pdf",0,0,0,0,0,0,16,1,0,0,0,0,77,0,1,0,0,0,0,0,0,"US2310211063","US",2020,"USA"
"423","US2473617023_2016_SR_0.pdf",3,1,0,1,0,0,3,1,0,3,0,0,41,0,1,4,3,0,0,25,0,"US2473617023","US",2016,"USA"
"424","US2473617023_2020_SR_0.pdf",0,0,12,0,0,1,3,0,0,1,0,0,24,0,1,6,1,0,0,0,0,"US2473617023","US",2020,"USA"
"425","US24906P1093_2016_SR_0.pdf",0,0,2,1,0,0,2,0,0,0,0,0,0,0,0,1,0,0,0,0,0,"US24906P1093","US",2016,"USA"
"426","US24906P1093_2020_SR_0.pdf",0,0,5,2,1,0,7,2,2,4,0,0,2,0,7,6,4,4,0,0,0,"US24906P1093","US",2020,"USA"
"427","US2855121099_2020_SR_0.pdf",0,0,1,0,1,0,8,0,0,1,0,0,2,0,0,16,0,0,0,0,0,"US2855121099","US",2020,"USA"
"428","US29355A1079_2020_SR_0.pdf",0,0,0,0,0,0,9,0,2,1,0,0,1,0,0,3,8,4,0,1,0,"US29355A1079","US",2020,"USA"
"429","US30063P1057_2020_SR_0.pdf",0,0,2,0,0,0,0,0,0,1,0,0,4,0,0,1,0,0,0,0,0,"US30063P1057","US",2020,"USA"
"430","US31428X1063_2016_SR_0.pdf",0,0,4,1,0,0,4,3,0,1,2,0,1,0,3,1,0,0,0,89,0,"US31428X1063","US",2016,"USA"
"431","US31428X1063_2020_SR_0.pdf",0,0,5,0,0,0,13,1,0,3,0,0,17,0,0,2,0,0,0,23,0,"US31428X1063","US",2020,"USA"
"432","US3453708600_2016_SR_0.pdf",4,5,9,3,2,14,8,4,2,7,3,1,61,0,16,12,12,21,17,166,0,"US3453708600","US",2016,"USA"
"433","US3453708600_2020_IR_0.pdf",1,3,13,0,0,4,15,0,0,0,1,0,31,0,2,12,10,10,2,6,2,"US3453708600","US",2020,"USA"
"434","US3453708600_2020_SR_0.pdf",0,0,0,0,0,0,0,0,0,0,0,0,28,0,0,0,0,0,0,0,0,"US3453708600","US",2020,"USA"
"435","US34959E1091_2020_SR_0.pdf",0,0,0,0,0,0,0,0,0,2,0,0,0,0,0,1,0,0,0,0,0,"US34959E1091","US",2020,"USA"
"436","US35671D8570_2016_SR_0.pdf",0,0,0,0,1,0,4,0,0,0,0,0,1,0,25,3,54,14,1,12,0,"US35671D8570","US",2016,"USA"
"437","US35671D8570_2020_SR_0.pdf",0,0,10,0,4,11,11,0,0,1,0,1,20,0,57,8,10,20,0,16,0,"US35671D8570","US",2020,"USA"
"438","US35671D8570_2020_SR_2.pdf",0,1,0,0,0,0,48,1,0,0,0,0,36,0,3,1,1,2,0,0,0,"US35671D8570","US",2020,"USA"
"439","US35671D8570_2020_SR_3.pdf",0,0,3,0,0,18,0,0,0,0,0,0,10,0,13,0,3,1,0,0,0,"US35671D8570","US",2020,"USA"
"440","US3635761097_2016_SR_0.pdf",0,0,0,0,0,0,0,0,0,0,0,0,0,0,0,0,0,0,0,0,0,"US3635761097","US",2016,"USA"
"441","US3635761097_2020_SR_0.pdf",0,0,0,0,1,1,2,0,0,0,0,0,0,0,0,0,1,0,0,3,0,"US3635761097","US",2020,"USA"
"442","US37045V1008_2016_SR_0.pdf",1,1,1,0,0,1,72,2,0,5,0,0,15,0,9,14,7,0,9,59,0,"US37045V1008","US",2016,"USA"
"443","US37045V1008_2020_SR_0.pdf",1,0,7,2,2,2,48,2,0,2,1,3,52,0,10,42,14,1,9,79,0,"US37045V1008","US",2020,"USA"
"444","US3724601055_2020_SR_0.pdf",1,0,0,0,0,0,4,0,0,2,0,0,2,1,0,0,0,0,0,1,0,"US3724601055","US",2020,"USA"
"445","US3802371076_2020_SR_0.pdf",0,0,4,0,0,0,3,0,0,1,0,0,0,0,0,11,0,0,0,20,0,"US3802371076","US",2020,"USA"
"446","US40434L1052_2016_SR_0.pdf",1,3,14,12,1,1,73,3,3,1,0,1,24,0,6,18,20,5,0,23,0,"US40434L1052","US",2016,"USA"
"447","US40434L1052_2020_SR_0.pdf",1,4,3,5,10,1,53,4,2,2,0,3,31,2,9,35,20,9,1,74,0,"US40434L1052","US",2020,"USA"
"448","US40434L1052_2020_SR_2.pdf",0,0,0,0,2,1,0,0,0,0,0,0,6,0,3,5,1,0,0,0,0,"US40434L1052","US",2020,"USA"
"449","US4165151048_2016_SR_0.pdf",0,4,1,0,0,0,2,0,0,0,0,0,6,0,0,2,0,0,0,0,0,"US4165151048","US",2016,"USA"
"450","US4165151048_2020_SR_0.pdf",1,0,0,0,0,0,1,0,0,1,0,0,3,0,0,0,1,2,0,132,0,"US4165151048","US",2020,"USA"
"451","US4165151048_2020_SR_2.pdf",0,0,0,0,0,0,13,0,0,0,0,0,44,0,1,0,0,0,0,2,0,"US4165151048","US",2020,"USA"
"452","US4180561072_2016_SR_0.pdf",3,5,16,2,5,0,16,7,1,6,0,2,10,0,0,12,6,28,0,11,0,"US4180561072","US",2016,"USA"
"453","US4180561072_2020_SR_0.pdf",0,0,0,0,0,0,5,0,0,0,0,0,0,0,0,0,0,0,0,56,0,"US4180561072","US",2020,"USA"
"454","US42809H1077_2016_SR_0.pdf",0,0,0,1,0,2,7,5,0,1,0,0,25,0,18,7,2,0,5,40,0,"US42809H1077","US",2016,"USA"
"455","US42809H1077_2020_SR_0.pdf",0,0,0,0,2,1,12,2,0,3,0,0,89,0,20,11,19,10,26,193,0,"US42809H1077","US",2020,"USA"
"456","US4364401012_2020_SR_0.pdf",1,0,3,1,1,0,1,2,0,6,0,0,1,0,0,11,3,0,0,1,0,"US4364401012","US",2020,"USA"
"457","US4404521001_2016_SR_0.pdf",1,16,0,1,0,1,11,2,0,1,0,0,0,0,0,4,1,0,0,33,0,"US4404521001","US",2016,"USA"
"458","US4404521001_2020_SR_0.pdf",1,28,1,0,0,5,9,0,0,1,0,0,8,0,1,3,2,0,0,61,0,"US4404521001","US",2020,"USA"
"459","US4461501045_2020_CR_0.pdf",0,0,0,0,0,0,13,0,0,0,0,0,11,0,0,5,0,0,0,0,0,"US4461501045","US",2020,"USA"
"460","US4461501045_2020_SR_0.pdf",2,3,13,0,0,3,46,6,0,1,2,0,20,0,2,23,5,1,6,1,0,"US4461501045","US",2020,"USA"
"461","US45167R1041_2020_SR_0.pdf",2,0,3,0,1,0,4,0,0,1,0,0,2,0,1,0,0,0,0,0,0,"US45167R1041","US",2020,"USA"
"462","US45168D1046_2020_SR_0.pdf",0,1,22,0,0,6,3,0,0,0,0,0,9,0,0,2,0,0,0,0,0,"US45168D1046","US",2020,"USA"
"463","US45784P1012_2020_SR_0.pdf",0,0,7,0,0,2,1,0,1,9,0,0,19,0,1,6,0,0,0,59,0,"US45784P1012","US",2020,"USA"
"464","US49271V1008_2020_SR_0.pdf",0,4,109,0,0,3,5,3,0,3,0,0,18,1,7,13,2,3,0,12,0,"US49271V1008","US",2020,"USA"
"465","US4932671088_2016_SR_0.pdf",0,0,0,0,0,0,20,1,0,0,0,0,3,0,0,0,0,0,0,88,0,"US4932671088","US",2016,"USA"
"466","US4932671088_2020_CR_0.pdf",0,0,0,0,0,0,35,0,0,0,0,0,53,0,0,2,0,0,0,1,0,"US4932671088","US",2020,"USA"
"467","US4932671088_2020_GR_0.pdf",0,0,0,0,0,0,1,0,0,1,0,0,1,0,0,0,0,0,0,25,0,"US4932671088","US",2020,"USA"
"468","US4932671088_2020_SR_0.pdf",0,0,2,0,1,0,23,1,0,4,0,0,10,0,0,25,0,0,0,4,0,"US4932671088","US",2020,"USA"
"469","US4943681035_2016_SR_0.pdf",4,0,2,0,1,7,9,0,0,5,1,1,10,0,5,11,6,4,13,137,0,"US4943681035","US",2016,"USA"
"470","US4943681035_2020_SR_0.pdf",0,0,11,0,2,24,8,0,0,0,0,0,6,1,13,10,1,5,0,1,0,"US4943681035","US",2020,"USA"
"471","US4943681035_2020_SR_2.pdf",1,0,1,0,0,5,3,0,0,4,0,0,11,0,6,7,0,0,24,230,0,"US4943681035","US",2020,"USA"
"472","US5010441013_2016_SR_0.pdf",0,26,3,0,0,0,7,1,0,0,0,0,1,0,2,1,1,0,0,14,0,"US5010441013","US",2016,"USA"
"473","US5010441013_2020_SR_0.pdf",0,37,2,0,0,6,8,0,0,1,0,0,5,0,3,22,0,7,0,1,0,"US5010441013","US",2020,"USA"
"474","US5018892084_2020_SR_0.pdf",0,0,0,0,0,0,1,0,0,0,0,0,0,0,0,0,1,0,0,1,0,"US5018892084","US",2020,"USA"
"475","US5128071082_2016_SR_0.pdf",0,1,3,1,0,1,6,0,0,0,0,0,0,0,0,3,0,0,0,11,0,"US5128071082","US",2016,"USA"
"476","US5128071082_2020_SR_0.pdf",0,1,13,0,4,0,19,0,0,1,0,0,5,0,2,19,4,4,0,15,0,"US5128071082","US",2020,"USA"
"477","US5132721045_2016_SR_0.pdf",0,1,1,0,0,1,2,0,0,0,0,0,0,0,0,0,2,0,0,0,0,"US5132721045","US",2016,"USA"
"478","US5132721045_2020_SR_0.pdf",0,21,1,0,0,2,1,0,0,0,0,0,6,0,0,2,2,0,0,33,0,"US5132721045","US",2020,"USA"
"479","US5184391044_2016_SR_0.pdf",0,0,3,1,0,1,1,0,0,0,0,1,2,0,5,0,0,0,0,1,0,"US5184391044","US",2016,"USA"
"480","US5184391044_2020_SR_0.pdf",1,0,12,0,24,5,27,0,0,4,0,3,30,2,9,22,5,8,0,77,0,"US5184391044","US",2020,"USA"
"481","US5303073051_2016_SR_0.pdf",0,0,2,2,0,0,8,8,0,0,0,1,7,0,0,0,4,3,0,61,0,"US5303073051","US",2016,"USA"
"482","US5303073051_2020_SR_0.pdf",0,0,0,0,1,0,4,0,1,1,0,0,8,0,1,1,1,0,0,78,0,"US5303073051","US",2020,"USA"
"483","US5502411037_2020_SR_0.pdf",0,7,0,0,0,1,15,1,0,2,0,0,17,0,0,0,0,0,0,0,0,"US5502411037","US",2020,"USA"
"484","US55261F1049_2020_HR_0.pdf",0,0,3,0,0,0,0,0,0,1,0,0,0,0,0,0,0,0,0,0,0,"US55261F1049","US",2020,"USA"
"485","US55261F1049_2020_SR_0.pdf",4,2,2,0,0,0,9,3,0,3,0,0,12,0,0,3,0,0,0,1,0,"US55261F1049","US",2020,"USA"
"486","US5732841060_2016_SR_0.pdf",0,7,19,0,0,4,2,0,0,0,0,0,0,0,0,0,0,0,0,0,0,"US5732841060","US",2016,"USA"
"487","US5732841060_2020_SR_0.pdf",0,0,38,0,0,4,1,1,0,0,0,0,6,0,5,0,0,0,0,0,0,"US5732841060","US",2020,"USA"
"488","US5745991068_2016_SR_0.pdf",0,0,0,0,0,0,1,0,0,1,0,0,7,0,6,0,1,0,0,18,0,"US5745991068","US",2016,"USA"
"489","US5745991068_2020_SR_0.pdf",0,1,15,2,0,2,2,25,1,0,0,0,6,0,0,17,6,0,0,22,0,"US5745991068","US",2020,"USA"
"490","US57772K1016_2020_SR_0.pdf",1,7,3,0,3,0,6,2,0,3,0,0,5,0,0,3,0,0,0,127,0,"US57772K1016","US",2020,"USA"
"491","US58155Q1031_2016_SR_0.pdf",1,0,5,0,0,0,0,0,0,0,0,0,1,0,0,9,0,0,0,8,0,"US58155Q1031","US",2016,"USA"
"492","US58155Q1031_2020_SR_0.pdf",0,0,0,0,0,0,12,0,0,8,0,0,2,0,0,14,2,0,0,123,0,"US58155Q1031","US",2020,"USA"
"493","US5926881054_2016_SR_0.pdf",0,0,0,1,0,0,5,0,0,5,0,0,0,0,0,1,0,0,0,3,0,"US5926881054","US",2016,"USA"
"494","US5926881054_2020_SR_0.pdf",0,0,2,0,0,0,7,0,0,4,0,0,1,0,0,1,13,7,0,7,0,"US5926881054","US",2020,"USA"
"495","US6092071058_2016_SR_0.pdf",0,5,75,0,2,0,3,0,0,0,0,0,14,0,2,4,8,5,0,0,0,"US6092071058","US",2016,"USA"
"496","US6092071058_2020_ER_0.pdf",0,0,0,0,0,0,0,0,0,0,0,0,0,0,0,0,0,0,0,0,0,"US6092071058","US",2020,"USA"
"497","US6092071058_2020_SR_0.pdf",3,7,54,6,1,1,7,2,0,2,0,1,26,0,3,18,7,17,1,0,0,"US6092071058","US",2020,"USA"
"498","US6200763075_2016_SR_0.pdf",0,0,0,0,0,0,8,0,0,0,0,0,0,0,0,2,0,0,0,3,0,"US6200763075","US",2016,"USA"
"499","US6200763075_2020_SR_0.pdf",0,0,3,0,0,1,12,0,0,4,0,0,4,0,2,8,0,0,0,13,0,"US6200763075","US",2020,"USA"
"500","US6311031081_2016_SR_0.pdf",6,5,4,3,6,3,6,5,2,3,1,2,13,0,7,5,18,10,11,11,2,"US6311031081","US",2016,"USA"
"501","US6311031081_2020_CR_0.pdf",0,0,0,0,0,0,11,1,0,0,0,0,3,0,0,0,0,0,0,1,0,"US6311031081","US",2020,"USA"
"502","US6311031081_2020_GC_0.pdf",0,0,0,0,1,0,2,1,0,0,0,0,2,0,0,2,0,0,2,0,0,"US6311031081","US",2020,"USA"
"503","US6311031081_2020_SR_0.pdf",0,0,6,0,4,1,16,3,0,4,0,0,16,0,1,10,0,0,1,23,0,"US6311031081","US",2020,"USA"
"504","US64110D1046_2020_HR_0.pdf",0,0,0,0,0,0,0,0,0,0,0,0,0,0,0,0,0,0,0,0,0,"US64110D1046","US",2020,"USA"
"505","US64110D1046_2020_SR_0.pdf",0,3,0,0,0,0,3,0,0,2,0,0,13,0,0,8,1,0,0,29,0,"US64110D1046","US",2020,"USA"
"506","US6516391066_2016_SR_0.pdf",2,0,2,2,4,7,11,8,0,2,0,0,36,0,85,23,30,41,6,13,0,"US6516391066","US",2016,"USA"
"507","US6516391066_2020_SR_0.pdf",1,11,0,0,1,12,7,6,0,1,0,0,61,0,54,32,90,67,2,352,0,"US6516391066","US",2020,"USA"
"508","US6703461052_2016_SR_0.pdf",0,0,0,0,0,1,4,1,0,0,0,0,0,0,1,3,0,0,0,9,0,"US6703461052","US",2016,"USA"
"509","US6703461052_2020_SR_0.pdf",0,1,2,1,0,2,2,0,0,0,0,0,3,0,5,4,0,0,0,36,0,"US6703461052","US",2020,"USA"
"510","US6934751057_2016_SR_0.pdf",2,0,9,0,0,0,8,0,0,0,0,0,4,0,0,11,0,0,0,9,0,"US6934751057","US",2016,"USA"
"511","US6934751057_2020_ER_0.pdf",0,0,0,0,0,0,11,0,0,0,0,0,19,0,3,0,1,0,0,0,0,"US6934751057","US",2020,"USA"
"512","US6934751057_2020_SR_0.pdf",1,1,6,1,1,0,5,2,0,2,1,0,6,0,0,13,2,4,0,45,0,"US6934751057","US",2020,"USA"
"513","US72919P2020_2020_SR_0.pdf",0,1,0,0,0,1,14,0,0,1,0,0,5,0,0,0,2,0,0,3,0,"US72919P2020","US",2020,"USA"
"514","US74736K1016_2020_SR_0.pdf",0,0,0,0,0,0,5,0,0,0,0,0,15,0,1,1,0,0,1,0,0,"US74736K1016","US",2020,"USA"
"515","US75886F1075_2016_SR_0.pdf",0,0,0,0,0,0,4,0,0,0,0,0,0,0,0,4,0,0,0,0,0,"US75886F1075","US",2016,"USA"
"516","US75886F1075_2020_SR_1.pdf",0,1,0,3,2,0,11,0,0,2,0,2,6,0,4,13,4,29,0,0,0,"US75886F1075","US",2020,"USA"
"517","US75886F1075_2020_SR_2.pdf",0,0,0,0,0,0,3,1,0,0,0,0,11,0,0,0,0,0,0,0,0,"US75886F1075","US",2020,"USA"
"518","US78409V1044_2016_SR_0.pdf",5,4,8,0,0,3,9,11,0,4,2,0,9,0,0,7,6,3,0,17,0,"US78409V1044","US",2016,"USA"
"519","US78409V1044_2020_CR_0.pdf",0,0,0,0,0,0,5,0,0,0,0,0,29,0,1,3,1,0,0,0,0,"US78409V1044","US",2020,"USA"
"520","US78409V1044_2020_SR_0.pdf",0,0,9,1,1,1,5,0,0,2,0,0,33,0,23,13,3,3,0,15,0,"US78409V1044","US",2020,"USA"
"521","US8326964058_2016_SR_0.pdf",1,9,15,3,0,0,5,0,0,1,0,1,11,0,2,1,0,0,0,0,0,"US8326964058","US",2016,"USA"
"522","US8326964058_2020_SR_0.pdf",0,5,2,1,0,0,4,0,0,1,0,0,10,0,1,24,1,0,0,0,0,"US8326964058","US",2020,"USA"
"523","US8666741041_2020_SR_0.pdf",0,1,2,0,0,1,4,0,0,0,0,0,1,0,0,7,2,0,0,4,0,"US8666741041","US",2020,"USA"
"524","US8666741041_2020_SR_2.pdf",1,2,0,0,0,2,4,1,0,2,0,0,2,0,1,5,2,0,0,7,0,"US8666741041","US",2020,"USA"
"525","US87165B1035_2020_SR_0.pdf",5,11,11,0,0,2,1,0,0,0,0,0,2,0,0,15,0,1,0,0,0,"US87165B1035","US",2020,"USA"
"526","US8725901040_2020_SR_0.pdf",0,0,8,0,0,0,22,0,0,4,0,0,38,0,0,5,1,0,0,10,0,"US8725901040","US",2020,"USA"
"527","US88579Y1010_2016_SR_0.pdf",1,0,2,1,0,6,42,2,0,5,0,0,22,0,4,11,11,67,55,33,0,"US88579Y1010","US",2016,"USA"
"528","US88579Y1010_2020_SR_0.pdf",2,5,9,1,0,5,32,2,0,9,0,0,28,0,3,72,15,101,65,62,0,"US88579Y1010","US",2020,"USA"
"529","US8936411003_2020_SR_0.pdf",1,0,0,0,0,0,2,0,0,0,0,0,4,0,0,0,0,0,0,0,0,"US8936411003","US",2020,"USA"
"530","US89400J1079_2016_SR_0.pdf",1,0,1,0,0,0,0,0,0,0,0,0,0,0,0,2,2,0,0,0,0,"US89400J1079","US",2016,"USA"
"531","US89400J1079_2020_HR_0.pdf",0,0,10,0,0,0,0,0,0,0,0,0,0,0,0,11,0,0,0,0,0,"US89400J1079","US",2020,"USA"
"532","US89400J1079_2020_SR_0.pdf",0,0,2,0,1,0,0,2,0,1,0,1,9,0,0,8,3,5,0,4,0,"US89400J1079","US",2020,"USA"
"533","US9078181081_2016_SR_0.pdf",0,0,4,0,0,3,3,8,0,0,0,0,5,0,4,1,0,0,0,0,0,"US9078181081","US",2016,"USA"
"534","US9078181081_2020_SR_0.pdf",0,0,5,1,2,4,0,9,0,5,1,1,13,0,12,3,8,5,0,107,0,"US9078181081","US",2020,"USA"
"535","US92276F1003_2020_SR_0.pdf",0,0,7,0,2,0,8,0,0,3,1,0,5,0,0,9,2,1,0,71,0,"US92276F1003","US",2020,"USA"
"536","US92343V1044_2016_SR_0.pdf",1,4,2,2,1,1,1,4,2,0,0,1,4,0,2,3,8,2,0,6,0,"US92343V1044","US",2016,"USA"
"537","US92343V1044_2020_SR_1.pdf",0,0,4,2,0,1,68,6,0,2,0,1,25,0,6,43,9,19,0,31,0,"US92343V1044","US",2020,"USA"
"538","US92556V1061_2020_SR_0.pdf",1,0,18,0,8,7,8,2,0,3,1,1,32,0,3,5,1,19,7,56,0,"US92556V1061","US",2020,"USA"
"539","US9291601097_2016_SR_0.pdf",0,0,1,0,0,0,0,0,0,0,0,0,8,0,0,0,0,0,0,0,0,"US9291601097","US",2016,"USA"
"540","US9291601097_2020_SR_0.pdf",1,2,3,1,0,1,5,0,0,2,0,0,4,0,18,6,0,0,0,0,0,"US9291601097","US",2020,"USA"
"541","US98956P1021_2016_SR_0.pdf",1,0,0,0,0,0,1,0,0,0,0,0,1,0,0,2,0,0,0,1,0,"US98956P1021","US",2016,"USA"
"542","US98956P1021_2020_SR_0.pdf",2,0,3,0,0,0,1,0,0,1,0,0,2,0,0,8,0,0,0,0,0,"US98956P1021","US",2020,"USA"
"543","US98978V1035_2016_SR_0.pdf",0,1,1,0,0,0,3,0,0,0,0,0,0,0,0,1,2,0,0,0,0,"US98978V1035","US",2016,"USA"
"544","US98978V1035_2020_ER_0.pdf",0,0,0,0,0,0,0,0,0,1,0,0,1,0,0,4,0,0,0,0,0,"US98978V1035","US",2020,"USA"
"545","US98978V1035_2020_SR_0.pdf",0,4,7,0,1,1,12,0,0,0,0,1,3,0,0,2,2,2,0,0,0,"US98978V1035","US",2020,"USA"
